# all gp-iposets on 3 points
3 0
3 1 02
3 2 01 02
3 2 02 12
3 2 01 12
3 0 2
3 1 20 1
3 1 20 2
3 2 10 20 2
3 2 20 21 2
3 2 10 21 2
3 0 12
3 1 20 21
3 1 20 12
3 2 10 20 12
3 0 012
3 0 - 2
3 1 02 - 1
3 1 02 - 2
3 2 01 02 - 2
3 2 02 12 - 2
3 2 01 12 - 2
3 0 2 2
3 0 2 1
3 1 02 1 1
3 1 02 1 2
3 1 12 1 0
3 1 12 1 2
3 2 01 02 0 2
3 2 02 12 1 2
3 2 01 12 0 2
3 0 12 2
3 0 12 1
3 0 01 2
3 1 20 21 1
3 1 20 12 1
3 1 21 20 1
3 1 21 02 1
3 2 10 20 12 0
3 0 012 2
3 0 012 1
3 0 012 0
3 0 - 12
3 1 02 - 21
3 1 02 - 12
3 2 01 02 - 12
3 0 2 12
3 0 1 12
3 0 2 01
3 1 02 1 21
3 1 02 1 12
3 1 12 1 20
3 1 12 1 02
3 2 01 02 0 12
3 0 12 12
3 0 12 02
3 0 12 01
3 0 01 12
3 0 02 01
3 1 02 01 21
3 1 02 01 12
3 1 12 01 20
3 1 12 01 02
3 0 012 12
3 0 012 02
3 0 012 01
3 0 - 012
3 0 2 012
3 0 1 012
3 0 0 012
3 0 12 012
3 0 02 012
3 0 01 012
3 0 012 012
