# all gp-iposets on 5 points
5 0
5 1 04
5 2 03 04
5 2 04 14
5 2 12 34
5 3 02 03 04
5 2 03 34
5 3 03 04 14
5 3 04 14 24
5 3 01 23 24
5 3 01 24 34
5 4 01 02 03 04
5 3 02 03 24
5 4 02 03 04 14
5 4 03 04 13 14
5 3 03 14 34
5 4 03 04 14 24
5 4 03 04 13 24
5 4 04 14 24 34
5 4 01 04 23 24
5 3 01 23 34
5 4 01 02 03 14
5 3 02 23 24
5 5 02 03 04 13 14
5 4 02 03 24 34
5 4 02 03 14 24
5 4 02 04 14 23
5 3 03 13 34
5 5 03 04 13 14 24
5 4 03 14 24 34
5 4 04 10 23 24
5 4 01 02 13 14
5 5 01 02 03 14 24
5 4 01 03 12 34
5 6 02 03 04 12 13 14
5 3 02 23 34
5 4 02 14 23 24
5 4 02 03 13 34
5 5 02 03 13 14 24
5 5 02 03 14 24 34
5 6 03 04 13 14 23 24
5 4 03 13 24 34
5 4 01 14 23 34
5 4 01 12 13 14
5 4 01 02 13 34
5 5 01 02 13 14 24
5 6 01 02 03 14 24 34
5 5 02 03 12 13 24
5 5 02 13 14 23 24
5 4 02 14 23 34
5 5 02 03 13 24 34
5 4 03 13 23 34
5 4 01 12 13 24
5 6 01 02 13 14 23 24
5 5 01 02 13 24 34
5 4 02 12 23 24
5 6 02 03 12 13 24 34
5 4 02 13 23 34
5 4 01 12 23 24
5 5 01 12 13 24 34
5 5 01 02 13 23 34
5 4 02 12 23 34
5 4 01 12 23 34
5 0 4
5 1 40 3
5 1 40 4
5 2 30 40 2
5 2 30 40 4
5 2 40 41 3
5 2 40 41 4
5 2 12 43 4
5 2 21 43 0
5 3 20 30 40 1
5 3 20 30 40 4
5 2 30 43 2
5 2 30 43 4
5 3 30 40 41 2
5 3 30 40 41 3
5 3 30 40 41 4
5 3 40 41 42 3
5 3 40 41 42 4
5 3 10 23 24 2
5 3 10 24 34 3
5 3 10 32 42 1
5 3 10 42 43 1
5 4 10 20 30 40 4
5 3 20 30 42 1
5 3 20 30 42 3
5 3 20 30 42 4
5 4 20 30 40 41 3
5 4 20 30 40 41 4
5 4 30 31 40 41 2
5 4 30 31 40 41 4
5 3 30 41 43 2
5 3 30 41 43 4
5 4 30 40 41 42 3
5 4 30 40 41 42 4
5 4 30 31 40 42 4
5 4 40 41 42 43 4
5 4 10 32 40 42 3
5 4 10 32 40 42 4
5 3 10 23 34 2
5 3 10 32 43 1
5 4 14 20 30 40 3
5 4 10 20 34 40 3
5 3 20 32 42 1
5 3 20 32 42 4
5 5 20 30 31 40 41 2
5 5 20 30 31 40 41 4
5 4 20 30 42 43 1
5 4 20 30 42 43 4
5 4 20 30 41 42 3
5 4 20 30 41 42 4
5 4 20 32 40 41 4
5 4 20 32 40 41 3
5 3 30 31 43 2
5 3 30 31 43 4
5 5 30 31 40 41 42 3
5 5 30 31 40 41 42 4
5 4 30 41 42 43 4
5 4 01 32 40 42 3
5 4 01 32 40 42 4
5 5 13 14 20 30 40 2
5 5 10 23 24 30 40 2
5 4 14 24 30 40 3
5 4 14 20 34 40 3
5 4 12 20 30 43 4
5 6 20 21 30 31 40 41 4
5 3 20 32 43 1
5 3 20 32 43 4
5 4 20 32 41 42 3
5 4 20 32 41 42 4
5 4 20 30 31 43 2
5 4 20 30 31 43 4
5 5 20 30 31 41 42 3
5 5 20 30 31 41 42 4
5 5 20 30 41 42 43 4
5 6 30 31 32 40 41 42 4
5 4 30 31 42 43 4
5 4 10 32 41 43 4
5 6 12 13 14 20 30 40 1
5 4 13 20 34 40 2
5 5 13 14 24 30 40 2
5 4 10 23 34 40 2
5 5 14 23 24 30 40 2
5 4 14 24 34 40 3
5 5 24 30 31 40 41 3
5 5 20 21 34 40 41 3
5 5 20 31 32 41 42 4
5 4 20 32 41 43 4
5 5 20 30 31 42 43 4
5 4 30 31 32 43 4
5 5 12 13 24 30 40 1
5 6 13 14 23 24 30 40 2
5 4 13 24 34 40 2
5 4 14 23 34 40 2
5 6 23 24 30 31 40 41 2
5 4 24 34 40 41 3
5 4 20 31 32 43 4
5 5 12 23 24 30 40 1
5 5 12 13 24 34 40 1
5 4 13 23 34 40 2
5 4 23 34 40 41 2
5 4 12 23 34 40 1
5 0 34
5 1 40 23
5 1 40 43
5 1 40 34
5 2 30 40 12
5 2 30 40 42
5 2 30 40 24
5 2 30 40 34
5 2 40 41 23
5 2 40 41 43
5 2 40 41 34
5 2 21 43 24
5 2 12 43 04
5 2 10 42 43
5 3 20 30 40 41
5 3 20 30 40 14
5 3 20 30 40 34
5 2 30 43 12
5 2 30 43 42
5 2 30 43 24
5 3 30 40 41 32
5 3 30 40 41 42
5 3 30 40 41 43
5 3 30 40 41 24
5 3 30 40 41 34
5 3 30 40 41 23
5 3 40 41 42 43
5 3 40 41 42 34
5 3 10 32 42 34
5 3 10 23 24 12
5 3 10 24 34 13
5 3 01 02 43 04
5 3 02 12 43 14
5 4 10 20 30 40 34
5 3 24 30 40 31
5 3 24 30 40 13
5 4 20 21 30 40 34
5 3 20 34 40 31
5 3 24 30 40 23
5 4 20 30 31 40 34
5 3 20 34 40 13
5 3 20 34 40 23
5 4 20 30 40 41 34
5 4 30 31 40 41 42
5 4 30 31 40 41 24
5 4 30 31 40 41 34
5 3 30 41 43 42
5 3 30 41 43 24
5 4 30 40 41 42 43
5 4 30 40 41 42 34
5 4 30 31 40 42 34
5 4 10 32 40 42 13
5 4 10 32 40 42 43
5 4 10 32 40 42 34
5 3 10 23 34 12
5 3 01 12 43 04
5 4 14 20 30 40 23
5 4 10 24 30 40 23
5 4 10 20 34 40 23
5 4 23 24 30 40 21
5 4 21 24 30 40 23
5 4 23 24 30 40 12
5 4 20 31 34 40 23
5 3 24 34 40 31
5 5 20 21 30 31 40 34
5 3 24 34 40 13
5 5 20 21 30 40 41 34
5 3 24 34 40 23
5 5 20 21 30 31 40 23
5 4 20 32 40 41 34
5 4 20 21 30 43 24
5 3 30 31 43 42
5 3 30 31 43 24
5 5 30 31 40 41 42 43
5 5 30 31 40 41 42 34
5 4 01 32 40 42 43
5 4 01 32 40 42 34
5 5 13 14 20 30 40 12
5 5 10 23 24 30 40 12
5 4 14 24 30 40 23
5 4 14 20 34 40 23
5 4 14 24 30 40 12
5 4 10 21 30 43 24
5 6 20 21 30 31 40 41 34
5 3 23 34 40 21
5 4 24 30 40 41 23
5 4 21 24 34 40 23
5 5 21 24 30 31 40 23
5 3 23 34 40 12
5 4 20 34 40 41 23
5 4 24 31 34 40 23
5 5 20 21 31 34 40 23
5 6 30 31 32 40 41 42 34
5 4 13 20 34 40 12
5 5 13 14 24 30 40 12
5 4 10 23 34 40 12
5 5 14 23 24 30 40 12
5 4 14 24 34 40 23
5 5 20 21 30 31 42 43
5 5 20 21 30 31 42 34
5 5 21 24 31 34 40 23
5 6 13 14 23 24 30 40 12
5 4 13 24 34 40 12
5 4 14 23 34 40 12
5 4 20 21 32 42 34
5 4 13 23 34 40 12
5 0 234
5 1 40 123
5 1 40 423
5 1 40 243
5 1 40 234
5 2 30 40 412
5 2 30 40 142
5 2 30 40 124
5 2 30 40 342
5 2 30 40 324
5 2 30 40 234
5 2 40 41 423
5 2 40 41 243
5 2 40 41 234
5 2 21 43 024
5 2 10 42 143
5 2 10 42 134
5 3 20 30 40 341
5 3 20 30 40 314
5 3 20 30 40 134
5 3 20 30 40 234
5 2 34 40 312
5 3 30 31 40 342
5 3 30 31 40 324
5 2 34 40 132
5 3 30 40 41 342
5 3 30 31 40 234
5 2 34 40 123
5 3 30 40 41 324
5 3 30 40 41 234
5 3 10 32 42 134
5 3 10 20 43 124
5 4 10 20 30 40 234
5 3 24 30 40 231
5 3 24 30 40 213
5 4 20 21 30 40 234
5 3 20 34 40 231
5 3 24 30 40 123
5 4 20 30 31 40 234
5 3 20 34 40 213
5 3 20 34 40 123
5 4 20 30 40 41 234
5 4 30 31 40 41 342
5 4 30 31 40 41 324
5 4 30 31 40 41 234
5 4 10 32 40 42 413
5 4 10 32 40 42 143
5 4 10 32 40 42 134
5 4 10 20 30 41 423
5 4 10 20 30 41 243
5 4 10 20 30 41 234
5 3 24 34 40 231
5 5 20 21 30 31 40 234
5 3 24 34 40 213
5 5 20 21 30 40 41 234
5 3 24 34 40 123
5 5 20 30 31 40 41 234
5 4 10 20 31 41 342
5 4 10 20 31 41 324
5 4 10 20 31 41 234
5 6 20 21 30 31 40 41 234
5 4 10 21 31 41 234
5 0 1234
5 1 40 4123
5 1 40 1423
5 1 40 1243
5 1 40 1234
5 2 30 40 3412
5 2 30 40 3142
5 2 30 40 3124
5 2 30 40 1342
5 2 30 40 1324
5 2 30 40 1234
5 3 20 30 40 2341
5 3 20 30 40 2314
5 3 20 30 40 2134
5 3 20 30 40 1234
5 4 10 20 30 40 1234
5 0 01234
5 0 - 4
5 1 04 - 3
5 1 04 - 4
5 2 03 04 - 2
5 2 03 04 - 4
5 2 04 14 - 3
5 2 04 14 - 4
5 2 21 34 - 4
5 2 12 34 - 0
5 3 02 03 04 - 1
5 3 02 03 04 - 4
5 2 03 34 - 2
5 2 03 34 - 4
5 3 03 04 14 - 2
5 3 03 04 14 - 3
5 3 03 04 14 - 4
5 3 04 14 24 - 3
5 3 04 14 24 - 4
5 3 01 32 42 - 2
5 3 01 42 43 - 3
5 3 01 23 24 - 1
5 3 01 24 34 - 1
5 4 01 02 03 04 - 4
5 3 02 03 24 - 1
5 3 02 03 24 - 3
5 3 02 03 24 - 4
5 4 02 03 04 14 - 3
5 4 02 03 04 14 - 4
5 4 03 04 13 14 - 2
5 4 03 04 13 14 - 4
5 3 03 14 34 - 2
5 3 03 14 34 - 4
5 4 03 04 14 24 - 3
5 4 03 04 14 24 - 4
5 4 03 04 13 24 - 4
5 4 04 14 24 34 - 4
5 4 01 04 23 24 - 3
5 4 01 04 23 24 - 4
5 3 01 32 43 - 2
5 3 01 23 34 - 1
5 4 02 03 04 41 - 3
5 4 01 02 04 43 - 3
5 3 02 23 24 - 1
5 3 02 23 24 - 4
5 5 02 03 04 13 14 - 2
5 5 02 03 04 13 14 - 4
5 4 02 03 24 34 - 1
5 4 02 03 24 34 - 4
5 4 02 03 14 24 - 3
5 4 02 03 14 24 - 4
5 4 02 04 14 23 - 4
5 4 02 04 14 23 - 3
5 3 03 13 34 - 2
5 3 03 13 34 - 4
5 5 03 04 13 14 24 - 3
5 5 03 04 13 14 24 - 4
5 4 03 14 24 34 - 4
5 4 04 10 23 24 - 3
5 4 04 10 23 24 - 4
5 5 02 03 04 31 41 - 2
5 5 01 03 04 32 42 - 2
5 4 03 04 41 42 - 3
5 4 02 04 41 43 - 3
5 4 02 03 21 34 - 4
5 6 02 03 04 12 13 14 - 4
5 3 02 23 34 - 1
5 3 02 23 34 - 4
5 4 02 14 23 24 - 3
5 4 02 14 23 24 - 4
5 4 02 03 13 34 - 2
5 4 02 03 13 34 - 4
5 5 02 03 13 14 24 - 3
5 5 02 03 13 14 24 - 4
5 5 02 03 14 24 34 - 4
5 6 03 04 13 14 23 24 - 4
5 4 03 13 24 34 - 4
5 4 01 14 23 34 - 4
5 6 02 03 04 21 31 41 - 1
5 4 02 04 31 43 - 2
5 5 03 04 31 41 42 - 2
5 4 01 04 32 43 - 2
5 5 03 04 32 41 42 - 2
5 4 04 41 42 43 - 3
5 5 03 04 13 14 42 - 3
5 5 02 04 12 14 43 - 3
5 5 02 13 14 23 24 - 4
5 4 02 14 23 34 - 4
5 5 02 03 13 24 34 - 4
5 4 03 13 23 34 - 4
5 5 03 04 21 31 42 - 1
5 6 03 04 31 32 41 42 - 2
5 4 04 31 42 43 - 2
5 4 04 32 41 43 - 2
5 6 03 04 13 14 32 42 - 2
5 4 04 14 42 43 - 3
5 4 02 13 23 34 - 4
5 5 03 04 21 32 42 - 1
5 5 04 21 31 42 43 - 1
5 4 04 31 32 43 - 2
5 4 04 14 32 43 - 2
5 4 04 21 32 43 - 1
5 0 4 4
5 0 4 3
5 1 04 3 3
5 1 04 3 2
5 1 04 3 4
5 1 04 0 3
5 1 04 0 4
5 2 03 04 2 2
5 2 03 04 2 1
5 2 03 04 2 4
5 2 23 24 2 1
5 2 23 24 2 4
5 2 04 14 3 3
5 2 04 14 3 2
5 2 04 14 3 4
5 2 04 34 3 2
5 2 04 34 3 4
5 2 12 34 3 4
5 2 12 43 4 2
5 2 12 43 4 0
5 2 21 34 0 4
5 2 12 34 0 0
5 3 02 03 04 1 1
5 3 02 03 04 1 4
5 3 12 13 14 1 0
5 3 12 13 14 1 4
5 2 03 34 2 2
5 2 03 34 2 1
5 2 03 34 2 4
5 3 03 04 14 2 2
5 3 03 04 14 2 3
5 3 03 04 14 2 4
5 3 03 04 24 2 1
5 3 03 04 24 2 3
5 3 03 04 24 2 4
5 2 23 34 2 1
5 2 23 34 2 4
5 3 04 23 24 2 1
5 3 04 23 24 2 3
5 3 04 23 24 2 4
5 3 04 14 24 3 3
5 3 04 14 24 3 4
5 3 04 14 34 3 2
5 3 04 14 34 3 4
5 3 01 23 24 2 4
5 3 01 24 34 3 4
5 3 01 23 24 2 1
5 3 01 24 34 3 1
5 3 10 32 42 1 2
5 3 10 42 43 1 3
5 3 01 23 24 0 1
5 3 01 24 34 0 1
5 4 01 02 03 04 0 4
5 3 02 03 24 1 1
5 3 02 03 24 1 3
5 3 02 03 24 1 4
5 4 02 03 04 14 1 3
5 4 02 03 04 14 1 4
5 3 12 13 24 1 0
5 3 12 13 24 1 3
5 3 12 13 24 1 4
5 4 04 12 13 14 1 3
5 4 04 12 13 14 1 4
5 4 03 04 13 14 2 2
5 4 03 04 13 14 2 4
5 4 03 04 23 24 2 1
5 4 03 04 23 24 2 4
5 3 03 14 34 2 2
5 3 03 14 34 2 4
5 3 03 24 34 2 1
5 3 03 24 34 2 4
5 4 03 04 14 24 2 3
5 4 03 04 14 24 2 4
5 4 03 04 13 24 2 4
5 4 03 04 13 24 2 3
5 3 04 23 34 2 1
5 3 04 23 34 2 4
5 4 04 14 23 24 2 3
5 4 04 14 23 24 2 4
5 4 03 14 23 24 2 4
5 4 04 14 24 34 3 4
5 4 01 04 32 34 3 2
5 4 01 04 32 34 3 1
5 4 01 04 32 34 3 4
5 3 01 23 34 2 4
5 3 01 23 34 2 1
5 3 10 32 43 1 2
5 3 01 23 34 0 1
5 4 02 03 04 41 0 3
5 4 01 02 04 43 0 3
5 3 02 23 24 1 1
5 3 02 23 24 1 4
5 5 02 03 04 13 14 1 2
5 5 02 03 04 13 14 1 4
5 4 02 03 24 34 1 1
5 4 02 03 24 34 1 4
5 4 02 03 14 24 1 3
5 4 02 03 14 24 1 4
5 4 02 04 14 23 1 4
5 4 02 04 14 23 1 3
5 3 12 23 24 1 0
5 3 12 23 24 1 4
5 5 03 04 12 13 14 1 2
5 5 03 04 12 13 14 1 4
5 4 12 13 24 34 1 0
5 4 12 13 24 34 1 4
5 4 04 12 13 24 1 3
5 4 04 12 13 24 1 4
5 4 04 12 14 23 1 4
5 4 04 12 14 23 1 3
5 3 03 13 34 2 2
5 3 03 13 34 2 4
5 5 03 04 13 14 24 2 3
5 5 03 04 13 14 24 2 4
5 3 03 23 34 2 1
5 3 03 23 34 2 4
5 5 03 04 14 23 24 2 3
5 5 03 04 14 23 24 2 4
5 4 03 14 24 34 2 4
5 4 04 14 23 34 2 4
5 4 01 14 23 24 2 3
5 4 01 14 23 24 2 4
5 4 01 04 24 32 3 1
5 4 01 04 24 32 3 4
5 5 02 03 04 31 41 0 2
5 5 01 03 04 32 42 0 2
5 4 03 04 41 42 0 3
5 4 02 04 41 43 0 3
5 4 02 03 21 34 0 4
5 6 02 03 04 12 13 14 1 4
5 3 02 23 34 1 1
5 3 02 23 34 1 4
5 4 02 14 23 24 1 3
5 4 02 14 23 24 1 4
5 4 02 03 13 34 1 2
5 4 02 03 13 34 1 4
5 5 02 03 13 14 24 1 3
5 5 02 03 13 14 24 1 4
5 5 02 03 14 24 34 1 4
5 3 12 23 34 1 0
5 3 12 23 34 1 4
5 4 04 12 23 24 1 3
5 4 04 12 23 24 1 4
5 4 03 12 13 34 1 2
5 4 03 12 13 34 1 4
5 5 03 04 12 13 24 1 3
5 5 03 04 12 13 24 1 4
5 5 04 12 13 24 34 1 4
5 6 03 04 13 14 23 24 2 4
5 4 03 13 24 34 2 4
5 4 03 14 23 34 2 4
5 4 01 14 24 32 3 4
5 6 02 03 04 21 31 41 0 1
5 4 02 04 31 43 0 2
5 5 03 04 31 41 42 0 2
5 4 01 04 32 43 0 2
5 5 03 04 32 41 42 0 2
5 4 04 41 42 43 0 3
5 5 03 04 13 14 42 1 3
5 5 02 04 12 14 43 1 3
5 5 02 13 14 23 24 1 4
5 4 02 14 23 34 1 4
5 5 02 03 13 24 34 1 4
5 5 03 04 12 23 24 1 4
5 4 04 12 23 34 1 4
5 5 03 12 13 24 34 1 4
5 4 03 13 23 34 2 4
5 5 03 04 21 31 42 0 1
5 6 03 04 31 32 41 42 0 2
5 4 04 31 42 43 0 2
5 4 04 32 41 43 0 2
5 6 03 04 13 14 32 42 1 2
5 4 04 14 42 43 1 3
5 4 02 13 23 34 1 4
5 4 03 12 23 34 1 4
5 5 03 04 21 32 42 0 1
5 5 04 21 31 42 43 0 1
5 4 04 31 32 43 0 2
5 4 04 14 32 43 1 2
5 4 04 21 32 43 0 1
5 0 34 4
5 0 34 3
5 0 23 4
5 1 40 23 3
5 1 40 12 3
5 1 40 43 3
5 1 40 42 3
5 1 40 34 3
5 1 40 24 3
5 1 40 23 2
5 1 40 23 0
5 1 40 43 0
5 1 40 34 0
5 2 30 40 12 2
5 2 30 40 42 2
5 2 30 40 41 2
5 2 30 40 24 2
5 2 30 40 14 2
5 2 30 40 34 2
5 2 30 40 12 1
5 2 32 42 01 2
5 2 32 42 41 2
5 2 32 42 14 2
5 2 32 42 34 2
5 2 40 41 23 3
5 2 40 41 43 3
5 2 40 41 42 3
5 2 40 41 34 3
5 2 40 41 24 3
5 2 40 41 23 2
5 2 40 43 12 3
5 2 40 43 42 3
5 2 40 43 24 3
5 2 21 34 23 4
5 2 12 43 14 2
5 2 21 43 04 3
5 2 21 34 02 4
5 2 21 43 24 0
5 2 12 43 04 0
5 2 10 42 43 3
5 2 10 43 42 3
5 2 10 43 12 3
5 3 20 30 40 41 1
5 3 20 30 40 14 1
5 3 20 30 40 34 1
5 3 21 31 41 40 1
5 3 21 31 41 04 1
5 3 21 31 41 34 1
5 2 30 43 12 2
5 2 30 43 42 2
5 2 30 43 41 2
5 2 30 43 24 2
5 2 30 43 14 2
5 3 30 40 41 32 2
5 3 30 40 41 42 2
5 3 30 40 41 43 2
5 3 30 40 41 24 2
5 3 30 40 41 34 2
5 3 30 40 42 31 2
5 3 30 40 42 41 2
5 3 30 40 42 43 2
5 3 30 40 42 14 2
5 3 30 40 42 34 2
5 3 30 40 41 23 2
5 3 30 40 42 13 2
5 2 30 43 12 1
5 2 32 43 01 2
5 2 32 43 41 2
5 2 32 43 14 2
5 3 32 40 42 31 2
5 3 32 40 42 41 2
5 3 32 40 42 43 2
5 3 32 40 42 14 2
5 3 32 40 42 34 2
5 3 32 40 42 13 2
5 3 40 41 42 43 3
5 3 40 41 42 34 3
5 3 40 41 43 42 3
5 3 40 41 43 24 3
5 3 10 32 42 34 2
5 3 10 32 42 14 2
5 3 10 42 43 14 3
5 3 01 32 42 34 1
5 3 10 23 24 12 0
5 3 10 24 34 13 0
5 3 01 02 43 04 3
5 3 02 12 43 14 3
5 3 10 20 43 24 0
5 3 20 21 43 24 1
5 4 10 20 30 40 34 0
5 3 24 30 40 31 1
5 3 24 30 40 13 1
5 4 20 21 30 40 34 1
5 3 20 34 40 31 1
5 3 24 30 40 23 1
5 4 20 30 31 40 34 1
5 3 20 34 40 13 1
5 3 20 34 40 23 1
5 4 20 30 40 41 34 1
5 3 24 31 41 30 1
5 3 24 31 41 03 1
5 4 20 21 31 41 34 1
5 3 21 34 41 30 1
5 3 24 31 41 23 1
5 4 21 30 31 41 34 1
5 3 21 34 41 03 1
5 3 21 34 41 23 1
5 4 21 31 40 41 34 1
5 4 30 31 40 41 42 2
5 4 30 31 40 41 24 2
5 4 30 31 40 41 34 2
5 4 30 32 40 42 41 2
5 4 30 32 40 42 14 2
5 4 30 32 40 42 34 2
5 3 30 41 43 42 2
5 3 30 41 43 24 2
5 3 30 42 43 41 2
5 3 30 42 43 14 2
5 4 30 40 41 42 43 2
5 4 30 40 41 42 34 2
5 4 30 31 40 42 34 2
5 4 30 31 40 42 34 1
5 3 32 40 43 41 2
5 3 32 40 43 14 2
5 4 32 40 41 42 43 2
5 4 32 40 41 42 34 2
5 4 30 32 41 42 34 2
5 4 10 23 40 43 12 3
5 4 10 23 40 43 42 3
5 4 10 23 40 43 41 3
5 4 10 23 40 43 24 3
5 4 10 23 40 43 14 3
5 4 01 32 41 42 03 1
5 3 10 32 43 14 2
5 3 10 23 34 12 0
5 3 01 12 43 04 3
5 3 10 21 43 24 0
5 4 14 20 30 40 23 0
5 4 10 24 30 40 23 0
5 4 10 20 34 40 23 0
5 4 23 24 30 40 21 1
5 4 21 24 30 40 23 1
5 4 23 24 30 40 12 1
5 4 20 31 34 40 23 1
5 3 24 34 40 31 1
5 5 20 21 30 31 40 34 1
5 3 24 34 40 13 1
5 5 20 21 30 40 41 34 1
5 3 24 34 40 23 1
5 5 20 21 30 31 40 23 1
5 4 20 32 40 41 34 1
5 4 20 21 30 43 24 1
5 4 23 24 31 41 20 1
5 4 20 24 31 41 23 1
5 4 23 24 31 41 02 1
5 4 21 30 34 41 23 1
5 3 24 34 41 30 1
5 5 20 21 30 31 41 34 1
5 3 24 34 41 03 1
5 5 20 21 31 40 41 34 1
5 3 24 34 41 23 1
5 5 20 21 30 31 41 23 1
5 4 21 32 40 41 34 1
5 4 20 21 31 43 24 1
5 3 30 31 43 42 2
5 3 30 31 43 24 2
5 5 30 31 40 41 42 43 2
5 5 30 31 40 41 42 34 2
5 3 30 32 43 41 2
5 3 30 32 43 14 2
5 5 30 32 40 41 42 43 2
5 5 30 32 40 41 42 34 2
5 4 10 32 41 42 43 2
5 4 10 32 41 42 34 2
5 4 10 23 40 42 41 3
5 4 10 23 40 42 14 3
5 5 13 14 20 30 40 12 0
5 5 10 23 24 30 40 12 0
5 4 14 24 30 40 23 0
5 4 14 20 34 40 23 0
5 4 14 24 30 40 12 0
5 4 10 21 30 43 24 0
5 6 20 21 30 31 40 41 34 1
5 3 23 34 40 21 1
5 4 24 30 40 41 23 1
5 4 21 24 34 40 23 1
5 5 21 24 30 31 40 23 1
5 3 23 34 40 12 1
5 4 20 34 40 41 23 1
5 4 24 31 34 40 23 1
5 5 20 21 31 34 40 23 1
5 3 23 34 41 20 1
5 4 24 31 40 41 23 1
5 4 20 24 34 41 23 1
5 5 20 24 30 31 41 23 1
5 3 23 34 41 02 1
5 4 21 34 40 41 23 1
5 4 24 30 34 41 23 1
5 5 20 21 30 34 41 23 1
5 6 30 31 32 40 41 42 34 2
5 4 13 20 34 40 12 0
5 5 13 14 24 30 40 12 0
5 4 10 23 34 40 12 0
5 5 14 23 24 30 40 12 0
5 4 14 24 34 40 23 0
5 5 20 21 30 31 42 43 1
5 5 20 21 30 31 42 34 1
5 5 21 24 31 34 40 23 1
5 5 20 24 30 34 41 23 1
5 6 13 14 23 24 30 40 12 0
5 4 13 24 34 40 12 0
5 4 14 23 34 40 12 0
5 4 20 21 32 42 34 1
5 4 13 23 34 40 12 0
5 0 234 4
5 0 234 3
5 0 234 2
5 0 234 1
5 1 40 123 3
5 1 40 423 3
5 1 40 412 3
5 1 40 243 3
5 1 40 234 3
5 1 40 142 3
5 1 40 124 3
5 1 40 123 2
5 1 40 423 2
5 1 40 243 2
5 1 40 234 2
5 1 40 123 1
5 1 40 123 0
5 1 40 423 0
5 1 40 243 0
5 1 40 234 0
5 2 30 40 412 2
5 2 30 40 142 2
5 2 30 40 124 2
5 2 30 40 342 2
5 2 30 40 324 2
5 2 30 40 234 2
5 2 30 40 341 2
5 2 30 40 314 2
5 2 30 40 134 2
5 2 30 40 412 1
5 2 30 40 142 1
5 2 30 40 124 1
5 2 32 42 401 2
5 2 32 42 041 2
5 2 32 42 014 2
5 2 32 42 341 2
5 2 32 42 314 2
5 2 32 42 134 2
5 2 40 41 423 3
5 2 40 41 243 3
5 2 40 41 234 3
5 2 40 41 423 2
5 2 40 41 243 2
5 2 40 41 234 2
5 2 40 43 412 3
5 2 40 43 142 3
5 2 40 43 124 3
5 2 21 34 023 4
5 2 12 43 014 2
5 2 21 43 024 0
5 2 10 42 143 3
5 2 10 42 134 3
5 2 10 43 142 3
5 2 10 43 124 3
5 2 10 42 143 0
5 2 10 42 134 0
5 3 20 30 40 341 1
5 3 20 30 40 314 1
5 3 20 30 40 134 1
5 3 20 30 40 234 1
5 3 21 31 41 340 1
5 3 21 31 41 304 1
5 3 21 31 41 034 1
5 3 21 31 41 234 1
5 2 34 40 312 2
5 3 30 31 40 342 2
5 3 30 31 40 324 2
5 3 30 32 40 341 2
5 3 30 32 40 314 2
5 2 34 40 132 2
5 3 30 40 41 342 2
5 3 30 31 40 234 2
5 3 30 40 42 341 2
5 3 30 32 40 134 2
5 2 34 40 123 2
5 3 30 40 41 324 2
5 3 30 40 41 234 2
5 3 30 40 42 314 2
5 3 30 40 42 134 2
5 2 34 40 312 1
5 2 34 40 132 1
5 2 34 40 123 1
5 2 34 42 301 2
5 3 30 32 42 341 2
5 3 30 32 42 314 2
5 2 34 42 031 2
5 3 32 40 42 341 2
5 3 30 32 42 134 2
5 2 34 42 013 2
5 3 32 40 42 314 2
5 3 32 40 42 134 2
5 3 10 32 42 134 2
5 3 10 32 42 134 0
5 3 10 20 43 124 3
5 3 10 20 43 124 0
5 4 10 20 30 40 234 0
5 3 24 30 40 231 1
5 3 24 30 40 213 1
5 4 20 21 30 40 234 1
5 3 20 34 40 231 1
5 3 24 30 40 123 1
5 4 20 30 31 40 234 1
5 3 20 34 40 213 1
5 3 20 34 40 123 1
5 4 20 30 40 41 234 1
5 3 24 31 41 230 1
5 3 24 31 41 203 1
5 4 20 21 31 41 234 1
5 3 21 34 41 230 1
5 3 24 31 41 023 1
5 4 21 30 31 41 234 1
5 3 21 34 41 203 1
5 3 21 34 41 023 1
5 4 21 31 40 41 234 1
5 4 30 31 40 41 342 2
5 4 30 31 40 41 324 2
5 4 30 31 40 41 234 2
5 4 30 32 40 42 341 2
5 4 30 32 40 42 314 2
5 4 30 32 40 42 134 2
5 4 10 23 40 43 412 3
5 4 10 23 40 43 142 3
5 4 10 23 40 43 124 3
5 4 01 32 41 42 403 1
5 4 01 32 41 42 043 1
5 4 01 32 41 42 034 1
5 4 10 20 30 41 423 0
5 4 10 20 30 41 243 0
5 4 10 20 30 41 234 0
5 3 24 34 40 231 1
5 5 20 21 30 31 40 234 1
5 3 24 34 40 213 1
5 5 20 21 30 40 41 234 1
5 3 24 34 40 123 1
5 5 20 30 31 40 41 234 1
5 3 24 34 41 230 1
5 5 20 21 30 31 41 234 1
5 3 24 34 41 203 1
5 5 20 21 31 40 41 234 1
5 3 24 34 41 023 1
5 5 21 30 31 40 41 234 1
5 4 10 20 31 41 342 0
5 4 10 20 31 41 324 0
5 4 10 20 31 41 234 0
5 6 20 21 30 31 40 41 234 1
5 4 10 21 31 41 234 0
5 0 1234 4
5 0 1234 3
5 0 1234 2
5 0 1234 1
5 0 0234 1
5 1 40 4123 3
5 1 40 1423 3
5 1 40 1243 3
5 1 40 1234 3
5 1 40 4123 2
5 1 40 1423 2
5 1 40 1243 2
5 1 40 1234 2
5 1 40 4123 1
5 1 40 1423 1
5 1 40 1243 1
5 1 40 1234 1
5 1 40 4123 0
5 1 40 1423 0
5 1 40 1243 0
5 1 40 1234 0
5 2 30 40 3412 2
5 2 30 40 3142 2
5 2 30 40 3124 2
5 2 30 40 1342 2
5 2 30 40 1324 2
5 2 30 40 1234 2
5 2 30 40 3412 1
5 2 30 40 3142 1
5 2 30 40 3124 1
5 2 30 40 1342 1
5 2 30 40 1324 1
5 2 30 40 1234 1
5 2 32 42 3401 2
5 2 32 42 3041 2
5 2 32 42 3014 2
5 2 32 42 0341 2
5 2 32 42 0314 2
5 2 32 42 0134 2
5 3 20 30 40 2341 1
5 3 20 30 40 2314 1
5 3 20 30 40 2134 1
5 3 20 30 40 1234 1
5 3 21 31 41 2340 1
5 3 21 31 41 2304 1
5 3 21 31 41 2034 1
5 3 21 31 41 0234 1
5 4 10 20 30 40 1234 0
5 0 01234 4
5 0 01234 3
5 0 01234 2
5 0 01234 1
5 0 01234 0
5 0 - 34
5 1 04 - 23
5 1 04 - 43
5 1 04 - 34
5 2 03 04 - 12
5 2 03 04 - 42
5 2 03 04 - 24
5 2 03 04 - 34
5 2 04 14 - 23
5 2 04 14 - 43
5 2 04 14 - 34
5 2 12 34 - 24
5 2 21 34 - 04
5 2 01 24 - 43
5 3 02 03 04 - 41
5 3 02 03 04 - 14
5 3 02 03 04 - 34
5 2 03 34 - 12
5 2 03 34 - 42
5 2 03 34 - 24
5 3 03 04 14 - 32
5 3 03 04 14 - 42
5 3 03 04 14 - 43
5 3 03 04 14 - 24
5 3 03 04 14 - 34
5 3 03 04 14 - 23
5 3 04 14 24 - 43
5 3 04 14 24 - 34
5 3 01 23 24 - 34
5 3 01 32 42 - 12
5 3 01 42 43 - 13
5 3 10 20 34 - 04
5 3 20 21 34 - 14
5 4 01 02 03 04 - 34
5 3 03 04 42 - 31
5 3 03 04 42 - 13
5 4 02 03 04 12 - 34
5 3 02 04 43 - 31
5 3 03 04 42 - 23
5 4 02 03 04 13 - 34
5 3 02 04 43 - 13
5 3 02 04 43 - 23
5 4 02 03 04 14 - 34
5 4 03 04 13 14 - 42
5 4 03 04 13 14 - 24
5 4 03 04 13 14 - 34
5 3 03 14 34 - 42
5 3 03 14 34 - 24
5 4 03 04 14 24 - 43
5 4 03 04 14 24 - 34
5 4 03 04 13 24 - 34
5 4 01 04 23 24 - 13
5 4 01 04 23 24 - 43
5 4 01 04 23 24 - 34
5 3 01 32 43 - 12
5 3 10 21 34 - 04
5 4 02 03 04 41 - 23
5 4 01 03 04 42 - 23
5 4 01 02 04 43 - 23
5 4 03 04 32 42 - 21
5 4 03 04 12 42 - 23
5 4 03 04 32 42 - 12
5 4 02 04 13 43 - 23
5 3 04 42 43 - 31
5 5 02 03 04 12 13 - 34
5 3 04 42 43 - 13
5 5 02 03 04 12 14 - 34
5 3 04 42 43 - 23
5 5 02 03 04 12 13 - 23
5 4 02 04 14 23 - 34
5 4 02 03 12 34 - 24
5 3 03 13 34 - 42
5 3 03 13 34 - 24
5 5 03 04 13 14 24 - 43
5 5 03 04 13 14 24 - 34
5 4 04 10 23 24 - 43
5 4 04 10 23 24 - 34
5 5 02 03 04 31 41 - 12
5 5 01 03 04 32 42 - 12
5 4 03 04 41 42 - 23
5 4 02 04 41 43 - 23
5 4 03 04 41 42 - 12
5 4 01 03 12 34 - 24
5 6 02 03 04 12 13 14 - 34
5 3 04 32 43 - 21
5 4 03 04 14 42 - 23
5 4 04 12 42 43 - 23
5 5 03 04 12 13 42 - 23
5 3 04 32 43 - 12
5 4 02 04 14 43 - 23
5 4 04 13 42 43 - 23
5 5 02 04 12 13 43 - 23
5 6 03 04 13 14 23 24 - 34
5 4 02 04 31 43 - 12
5 5 03 04 31 41 42 - 12
5 4 01 04 32 43 - 12
5 5 03 04 32 41 42 - 12
5 4 04 41 42 43 - 23
5 5 02 03 12 13 24 - 43
5 5 02 03 12 13 24 - 34
5 5 04 12 13 42 43 - 23
5 6 03 04 31 32 41 42 - 12
5 4 04 31 42 43 - 12
5 4 04 32 41 43 - 12
5 4 02 12 23 24 - 34
5 4 04 31 32 43 - 12
5 0 4 34
5 0 3 34
5 0 4 23
5 1 04 3 23
5 1 04 3 12
5 1 04 3 43
5 1 04 3 42
5 1 04 3 34
5 1 04 3 24
5 1 04 2 23
5 1 04 0 23
5 1 04 0 43
5 1 04 0 34
5 2 03 04 2 12
5 2 03 04 2 42
5 2 03 04 2 41
5 2 03 04 2 24
5 2 03 04 2 14
5 2 03 04 2 34
5 2 03 04 1 12
5 2 23 24 2 01
5 2 23 24 2 41
5 2 23 24 2 14
5 2 23 24 2 34
5 2 04 14 3 23
5 2 04 14 3 43
5 2 04 14 3 42
5 2 04 14 3 34
5 2 04 14 3 24
5 2 04 14 2 23
5 2 04 34 3 12
5 2 04 34 3 42
5 2 04 34 3 24
5 2 12 43 4 23
5 2 21 34 2 14
5 2 12 34 3 04
5 2 12 43 4 02
5 2 12 34 0 24
5 2 21 34 0 04
5 2 01 24 3 43
5 2 01 34 3 42
5 2 01 34 3 12
5 3 02 03 04 1 41
5 3 02 03 04 1 14
5 3 02 03 04 1 34
5 3 12 13 14 1 40
5 3 12 13 14 1 04
5 3 12 13 14 1 34
5 2 03 34 2 12
5 2 03 34 2 42
5 2 03 34 2 41
5 2 03 34 2 24
5 2 03 34 2 14
5 3 03 04 14 2 32
5 3 03 04 14 2 42
5 3 03 04 14 2 43
5 3 03 04 14 2 24
5 3 03 04 14 2 34
5 3 03 04 24 2 31
5 3 03 04 24 2 41
5 3 03 04 24 2 43
5 3 03 04 24 2 14
5 3 03 04 24 2 34
5 3 03 04 14 2 23
5 3 03 04 24 2 13
5 2 03 34 1 12
5 2 23 34 2 01
5 2 23 34 2 41
5 2 23 34 2 14
5 3 04 23 24 2 31
5 3 04 23 24 2 41
5 3 04 23 24 2 43
5 3 04 23 24 2 14
5 3 04 23 24 2 34
5 3 04 23 24 2 13
5 3 04 14 24 3 43
5 3 04 14 24 3 34
5 3 04 14 34 3 42
5 3 04 14 34 3 24
5 3 01 23 24 2 34
5 3 01 23 24 2 14
5 3 01 24 34 3 14
5 3 10 23 24 1 34
5 3 01 32 42 0 12
5 3 01 42 43 0 13
5 3 10 20 34 3 04
5 3 20 21 34 3 14
5 3 01 02 34 0 24
5 3 02 12 34 1 24
5 4 01 02 03 04 0 34
5 3 03 04 42 1 31
5 3 03 04 42 1 13
5 4 02 03 04 12 1 34
5 3 02 04 43 1 31
5 3 03 04 42 1 23
5 4 02 03 04 13 1 34
5 3 02 04 43 1 13
5 3 02 04 43 1 23
5 4 02 03 04 14 1 34
5 3 13 14 42 1 30
5 3 13 14 42 1 03
5 4 02 12 13 14 1 34
5 3 12 14 43 1 30
5 3 13 14 42 1 23
5 4 03 12 13 14 1 34
5 3 12 14 43 1 03
5 3 12 14 43 1 23
5 4 04 12 13 14 1 34
5 4 03 04 13 14 2 42
5 4 03 04 13 14 2 24
5 4 03 04 13 14 2 34
5 4 03 04 23 24 2 41
5 4 03 04 23 24 2 14
5 4 03 04 23 24 2 34
5 3 03 14 34 2 42
5 3 03 14 34 2 24
5 3 03 24 34 2 41
5 3 03 24 34 2 14
5 4 03 04 14 24 2 43
5 4 03 04 14 24 2 34
5 4 03 04 13 24 2 34
5 4 03 04 13 24 1 34
5 3 04 23 34 2 41
5 3 04 23 34 2 14
5 4 04 14 23 24 2 43
5 4 04 14 23 24 2 34
5 4 03 14 23 24 2 34
5 4 01 04 32 34 3 12
5 4 01 04 32 34 3 42
5 4 01 04 32 34 3 41
5 4 01 04 32 34 3 24
5 4 01 04 32 34 3 14
5 4 10 14 23 24 1 03
5 3 01 23 34 2 14
5 3 01 32 43 0 12
5 3 10 21 34 3 04
5 3 01 12 34 0 24
5 4 02 03 04 41 0 23
5 4 01 03 04 42 0 23
5 4 01 02 04 43 0 23
5 4 03 04 32 42 1 21
5 4 03 04 12 42 1 23
5 4 03 04 32 42 1 12
5 4 02 04 13 43 1 23
5 3 04 42 43 1 31
5 5 02 03 04 12 13 1 34
5 3 04 42 43 1 13
5 5 02 03 04 12 14 1 34
5 3 04 42 43 1 23
5 5 02 03 04 12 13 1 23
5 4 02 04 14 23 1 34
5 4 02 03 12 34 1 24
5 4 13 14 32 42 1 20
5 4 02 13 14 42 1 23
5 4 13 14 32 42 1 02
5 4 03 12 14 43 1 23
5 3 14 42 43 1 30
5 5 02 03 12 13 14 1 34
5 3 14 42 43 1 03
5 5 02 04 12 13 14 1 34
5 3 14 42 43 1 23
5 5 02 03 12 13 14 1 23
5 4 04 12 14 23 1 34
5 4 02 12 13 34 1 24
5 3 03 13 34 2 42
5 3 03 13 34 2 24
5 5 03 04 13 14 24 2 43
5 5 03 04 13 14 24 2 34
5 3 03 23 34 2 41
5 3 03 23 34 2 14
5 5 03 04 14 23 24 2 43
5 5 03 04 14 23 24 2 34
5 4 01 14 23 24 2 43
5 4 01 14 23 24 2 34
5 4 01 04 24 32 3 41
5 4 01 04 24 32 3 14
5 5 02 03 04 31 41 0 12
5 5 01 03 04 32 42 0 12
5 4 03 04 41 42 0 23
5 4 02 04 41 43 0 23
5 4 03 04 41 42 0 12
5 4 01 03 12 34 0 24
5 6 02 03 04 12 13 14 1 34
5 3 04 32 43 1 21
5 4 03 04 14 42 1 23
5 4 04 12 42 43 1 23
5 5 03 04 12 13 42 1 23
5 3 04 32 43 1 12
5 4 02 04 14 43 1 23
5 4 04 13 42 43 1 23
5 5 02 04 12 13 43 1 23
5 3 14 32 43 1 20
5 4 04 13 14 42 1 23
5 4 02 14 42 43 1 23
5 5 02 03 13 14 42 1 23
5 3 14 32 43 1 02
5 4 04 12 14 43 1 23
5 4 03 14 42 43 1 23
5 5 02 03 12 14 43 1 23
5 6 03 04 13 14 23 24 2 34
5 4 02 04 31 43 0 12
5 5 03 04 31 41 42 0 12
5 4 01 04 32 43 0 12
5 5 03 04 32 41 42 0 12
5 4 04 41 42 43 0 23
5 5 02 03 12 13 24 1 43
5 5 02 03 12 13 24 1 34
5 5 04 12 13 42 43 1 23
5 5 02 03 14 42 43 1 23
5 6 03 04 31 32 41 42 0 12
5 4 04 31 42 43 0 12
5 4 04 32 41 43 0 12
5 4 02 12 23 24 1 34
5 4 04 31 32 43 0 12
5 0 34 34
5 0 34 24
5 0 34 23
5 0 23 34
5 0 24 23
5 0 23 14
5 1 04 23 23
5 1 04 23 13
5 1 04 23 12
5 1 04 23 43
5 1 04 23 42
5 1 04 23 41
5 1 04 23 34
5 1 04 23 24
5 1 04 23 14
5 1 04 13 12
5 1 04 12 23
5 1 04 03 23
5 1 04 03 12
5 1 04 03 43
5 1 04 03 42
5 1 04 03 34
5 1 04 03 24
5 1 04 02 23
5 1 34 23 12
5 1 34 23 01
5 1 34 23 42
5 1 34 23 41
5 1 34 23 24
5 1 34 23 14
5 1 24 12 13
5 2 03 04 12 12
5 2 03 04 12 42
5 2 03 04 12 41
5 2 03 04 12 24
5 2 03 04 12 14
5 2 03 04 12 34
5 2 13 14 12 02
5 2 13 14 12 42
5 2 13 14 12 40
5 2 13 14 12 24
5 2 13 14 12 04
5 2 13 14 12 34
5 2 23 24 12 01
5 2 23 24 12 41
5 2 23 24 12 40
5 2 23 24 12 14
5 2 23 24 12 04
5 2 23 24 12 34
5 2 03 04 01 12
5 2 23 24 02 01
5 2 04 14 23 23
5 2 04 14 23 43
5 2 04 14 23 42
5 2 04 14 23 34
5 2 04 14 23 24
5 2 04 24 23 13
5 2 04 24 23 43
5 2 04 24 23 41
5 2 04 24 23 34
5 2 04 24 23 14
5 2 04 34 23 12
5 2 04 34 23 42
5 2 04 34 23 41
5 2 04 34 23 24
5 2 04 34 23 14
5 2 04 14 12 23
5 2 04 34 13 12
5 2 14 24 12 03
5 2 14 24 12 43
5 2 14 24 12 34
5 2 12 34 13 24
5 2 21 34 23 04
5 2 12 43 14 02
5 2 12 43 04 23
5 2 21 34 02 14
5 2 12 34 03 04
5 2 12 43 04 02
5 2 01 24 23 43
5 2 01 24 23 34
5 2 01 34 23 42
5 2 01 42 43 13
5 2 01 42 34 13
5 2 01 43 42 13
5 2 10 24 13 34
5 2 10 34 13 42
5 2 01 24 03 14
5 2 01 34 03 12
5 3 02 03 04 01 41
5 3 02 03 04 01 14
5 3 02 03 04 01 34
5 3 12 13 14 01 40
5 3 12 13 14 01 04
5 3 12 13 14 01 34
5 2 03 34 12 12
5 2 03 34 12 42
5 2 03 34 12 41
5 2 03 34 12 24
5 2 03 34 12 14
5 3 03 04 14 12 32
5 3 03 04 14 12 42
5 3 03 04 14 12 43
5 3 03 04 14 12 24
5 3 03 04 14 12 34
5 3 03 04 24 12 31
5 3 03 04 24 12 41
5 3 03 04 24 12 43
5 3 03 04 24 12 14
5 3 03 04 24 12 34
5 3 03 04 14 12 23
5 3 03 04 24 12 13
5 2 13 34 12 02
5 2 13 34 12 42
5 2 13 34 12 40
5 2 13 34 12 24
5 2 13 34 12 04
5 3 04 13 14 12 32
5 3 04 13 14 12 42
5 3 04 13 14 12 43
5 3 04 13 14 12 24
5 3 04 13 14 12 34
5 3 13 14 24 12 30
5 3 13 14 24 12 40
5 3 13 14 24 12 43
5 3 13 14 24 12 04
5 3 13 14 24 12 34
5 3 04 13 14 12 23
5 3 13 14 24 12 03
5 2 23 34 12 01
5 2 23 34 12 41
5 2 23 34 12 40
5 2 23 34 12 14
5 2 23 34 12 04
5 3 04 23 24 12 31
5 3 04 23 24 12 41
5 3 04 23 24 12 43
5 3 04 23 24 12 14
5 3 04 23 24 12 34
5 3 14 23 24 12 30
5 3 14 23 24 12 40
5 3 14 23 24 12 43
5 3 14 23 24 12 04
5 3 14 23 24 12 34
5 3 04 23 24 12 13
5 3 14 23 24 12 03
5 2 03 34 01 12
5 2 23 34 02 01
5 3 04 14 24 23 43
5 3 04 14 24 23 34
5 3 04 14 34 23 42
5 3 04 14 34 23 24
5 3 04 14 24 12 43
5 3 04 14 24 12 34
5 3 01 32 42 34 12
5 3 10 23 24 12 34
5 3 01 23 24 02 14
5 3 01 24 34 03 14
5 3 01 02 34 03 24
5 3 02 12 34 13 24
5 3 01 02 43 04 12
5 3 10 20 34 12 04
5 3 03 04 42 01 31
5 3 03 04 42 01 13
5 4 02 03 04 12 01 34
5 3 02 04 43 01 31
5 3 03 04 42 01 23
5 4 02 03 04 13 01 34
5 3 02 04 43 01 13
5 3 02 04 43 01 23
5 4 02 03 04 14 01 34
5 3 13 14 42 01 30
5 3 13 14 42 01 03
5 4 02 12 13 14 01 34
5 3 12 14 43 01 30
5 3 13 14 42 01 23
5 4 03 12 13 14 01 34
5 3 12 14 43 01 03
5 3 12 14 43 01 23
5 4 04 12 13 14 01 34
5 4 03 04 13 14 12 42
5 4 03 04 13 14 12 24
5 4 03 04 13 14 12 34
5 4 03 04 23 24 12 41
5 4 03 04 23 24 12 14
5 4 03 04 23 24 12 34
5 4 03 04 13 14 01 42
5 4 03 04 13 14 01 24
5 4 03 04 13 14 01 34
5 3 03 14 34 12 42
5 3 03 14 34 12 24
5 3 03 24 34 12 41
5 3 03 24 34 12 14
5 4 03 04 14 24 12 43
5 4 03 04 14 24 12 34
5 4 03 04 13 24 12 34
5 3 04 13 34 12 42
5 3 04 13 34 12 24
5 3 13 24 34 12 40
5 3 13 24 34 12 04
5 4 04 13 14 24 12 43
5 4 04 13 14 24 12 34
5 4 03 13 14 24 12 34
5 3 04 23 34 12 41
5 3 04 23 34 12 14
5 3 14 23 34 12 40
5 3 14 23 34 12 04
5 4 04 14 23 24 12 43
5 4 04 14 23 24 12 34
5 4 03 14 23 24 12 34
5 4 03 04 13 24 01 34
5 4 03 14 23 24 02 34
5 4 01 04 23 24 02 13
5 4 01 04 23 24 02 43
5 4 01 04 23 24 02 41
5 4 01 04 23 24 02 34
5 4 01 04 23 24 02 14
5 3 01 23 34 02 14
5 3 01 12 34 03 24
5 4 03 04 32 42 01 21
5 4 03 04 12 42 01 23
5 4 03 04 32 42 01 12
5 4 02 04 13 43 01 23
5 3 04 42 43 01 31
5 5 02 03 04 12 13 01 34
5 3 04 42 43 01 13
5 5 02 03 04 12 14 01 34
5 3 04 42 43 01 23
5 5 02 03 04 12 13 01 23
5 4 02 04 14 23 01 34
5 4 02 03 12 34 01 24
5 4 13 14 32 42 01 20
5 4 02 13 14 42 01 23
5 4 13 14 32 42 01 02
5 4 03 12 14 43 01 23
5 3 14 42 43 01 30
5 5 02 03 12 13 14 01 34
5 3 14 42 43 01 03
5 5 02 04 12 13 14 01 34
5 3 14 42 43 01 23
5 5 02 03 12 13 14 01 23
5 4 04 12 14 23 01 34
5 4 02 12 13 34 01 24
5 3 03 13 34 12 42
5 3 03 13 34 12 24
5 5 03 04 13 14 24 12 43
5 5 03 04 13 14 24 12 34
5 3 03 23 34 12 41
5 3 03 23 34 12 14
5 5 03 04 14 23 24 12 43
5 5 03 04 14 23 24 12 34
5 3 03 13 34 01 42
5 3 03 13 34 01 24
5 5 03 04 13 14 24 01 43
5 5 03 04 13 14 24 01 34
5 4 04 10 23 24 12 43
5 4 04 10 23 24 12 34
5 4 01 04 24 32 03 41
5 4 01 04 24 32 03 14
5 6 02 03 04 12 13 14 01 34
5 3 04 32 43 01 21
5 4 03 04 14 42 01 23
5 4 04 12 42 43 01 23
5 5 03 04 12 13 42 01 23
5 3 04 32 43 01 12
5 4 02 04 14 43 01 23
5 4 04 13 42 43 01 23
5 5 02 04 12 13 43 01 23
5 3 14 32 43 01 20
5 4 04 13 14 42 01 23
5 4 02 14 42 43 01 23
5 5 02 03 13 14 42 01 23
5 3 14 32 43 01 02
5 4 04 12 14 43 01 23
5 4 03 14 42 43 01 23
5 5 02 03 12 14 43 01 23
5 6 03 04 13 14 23 24 12 34
5 5 02 03 12 13 24 01 43
5 5 02 03 12 13 24 01 34
5 5 04 12 13 42 43 01 23
5 5 02 03 14 42 43 01 23
5 4 02 12 23 24 01 34
5 0 234 34
5 0 234 24
5 0 234 23
5 0 234 14
5 0 234 13
5 0 234 12
5 0 123 34
5 0 124 23
5 0 123 14
5 0 014 23
5 1 40 123 23
5 1 40 423 23
5 1 40 413 23
5 1 40 412 23
5 1 40 243 23
5 1 40 234 23
5 1 40 143 23
5 1 40 142 23
5 1 40 134 23
5 1 40 124 23
5 1 40 123 13
5 1 40 412 13
5 1 40 142 13
5 1 40 124 13
5 1 40 123 12
5 1 40 423 12
5 1 40 243 12
5 1 40 234 12
5 1 40 123 03
5 1 40 423 03
5 1 40 412 03
5 1 40 243 03
5 1 40 234 03
5 1 40 142 03
5 1 40 124 03
5 1 40 123 02
5 1 40 423 02
5 1 40 243 02
5 1 40 234 02
5 1 40 123 01
5 1 43 012 23
5 1 43 412 23
5 1 43 401 23
5 1 43 142 23
5 1 43 124 23
5 1 43 041 23
5 1 43 014 23
5 1 42 013 12
5 1 42 413 12
5 1 42 143 12
5 1 42 134 12
5 1 43 012 03
5 2 30 40 412 12
5 2 30 40 142 12
5 2 30 40 124 12
5 2 30 40 342 12
5 2 30 40 324 12
5 2 30 40 234 12
5 2 30 40 341 12
5 2 30 40 314 12
5 2 30 40 134 12
5 2 31 41 402 12
5 2 31 41 042 12
5 2 31 41 024 12
5 2 31 41 342 12
5 2 31 41 324 12
5 2 31 41 234 12
5 2 31 41 340 12
5 2 31 41 304 12
5 2 31 41 034 12
5 2 32 42 401 12
5 2 32 42 041 12
5 2 32 42 014 12
5 2 32 42 341 12
5 2 32 42 314 12
5 2 32 42 134 12
5 2 32 42 340 12
5 2 32 42 304 12
5 2 32 42 034 12
5 2 30 40 412 01
5 2 30 40 142 01
5 2 30 40 124 01
5 2 32 42 401 02
5 2 32 42 041 02
5 2 32 42 014 02
5 2 40 41 423 23
5 2 40 41 243 23
5 2 40 41 234 23
5 2 40 42 413 23
5 2 40 42 143 23
5 2 40 42 134 23
5 2 40 43 412 23
5 2 40 43 142 23
5 2 40 43 124 23
5 2 40 41 423 12
5 2 40 41 243 12
5 2 40 41 234 12
5 2 40 43 412 13
5 2 40 43 142 13
5 2 40 43 124 13
5 2 41 42 403 12
5 2 41 42 043 12
5 2 41 42 034 12
5 2 21 43 024 13
5 2 21 34 023 04
5 2 12 43 014 02
5 2 10 42 143 23
5 2 10 42 134 23
5 2 10 43 142 23
5 2 10 43 124 23
5 2 10 42 143 03
5 2 10 42 134 03
5 2 10 43 142 03
5 2 10 43 124 03
5 2 20 43 124 01
5 2 21 43 204 01
5 3 20 30 40 341 01
5 3 20 30 40 314 01
5 3 20 30 40 134 01
5 3 20 30 40 234 01
5 3 21 31 41 340 01
5 3 21 31 41 304 01
5 3 21 31 41 034 01
5 3 21 31 41 234 01
5 2 34 40 312 12
5 3 30 31 40 342 12
5 3 30 31 40 324 12
5 3 30 32 40 341 12
5 3 30 32 40 314 12
5 2 34 40 132 12
5 3 30 40 41 342 12
5 3 30 31 40 234 12
5 3 30 40 42 341 12
5 3 30 32 40 134 12
5 2 34 40 123 12
5 3 30 40 41 324 12
5 3 30 40 41 234 12
5 3 30 40 42 314 12
5 3 30 40 42 134 12
5 2 34 41 302 12
5 3 30 31 41 342 12
5 3 30 31 41 324 12
5 3 31 32 41 340 12
5 3 31 32 41 304 12
5 2 34 41 032 12
5 3 31 40 41 342 12
5 3 30 31 41 234 12
5 3 31 41 42 340 12
5 3 31 32 41 034 12
5 2 34 41 023 12
5 3 31 40 41 324 12
5 3 31 40 41 234 12
5 3 31 41 42 304 12
5 3 31 41 42 034 12
5 2 34 42 301 12
5 3 30 32 42 341 12
5 3 30 32 42 314 12
5 3 31 32 42 340 12
5 3 31 32 42 304 12
5 2 34 42 031 12
5 3 32 40 42 341 12
5 3 30 32 42 134 12
5 3 32 41 42 340 12
5 3 31 32 42 034 12
5 2 34 42 013 12
5 3 32 40 42 314 12
5 3 32 40 42 134 12
5 3 32 41 42 304 12
5 3 32 41 42 034 12
5 2 34 40 312 01
5 2 34 40 132 01
5 2 34 40 123 01
5 2 34 42 301 02
5 2 34 42 031 02
5 2 34 42 013 02
5 3 10 32 42 134 02
5 3 10 20 43 124 03
5 3 24 30 40 231 01
5 3 24 30 40 213 01
5 4 20 21 30 40 234 01
5 3 20 34 40 231 01
5 3 24 30 40 123 01
5 4 20 30 31 40 234 01
5 3 20 34 40 213 01
5 3 20 34 40 123 01
5 4 20 30 40 41 234 01
5 3 24 31 41 230 01
5 3 24 31 41 203 01
5 4 20 21 31 41 234 01
5 3 21 34 41 230 01
5 3 24 31 41 023 01
5 4 21 30 31 41 234 01
5 3 21 34 41 203 01
5 3 21 34 41 023 01
5 4 21 31 40 41 234 01
5 4 30 31 40 41 342 12
5 4 30 31 40 41 324 12
5 4 30 31 40 41 234 12
5 4 30 32 40 42 341 12
5 4 30 32 40 42 314 12
5 4 30 32 40 42 134 12
5 4 30 31 40 41 342 01
5 4 30 31 40 41 324 01
5 4 30 31 40 41 234 01
5 4 10 32 40 42 413 02
5 4 10 32 40 42 143 02
5 4 10 32 40 42 134 02
5 3 24 34 40 231 01
5 5 20 21 30 31 40 234 01
5 3 24 34 40 213 01
5 5 20 21 30 40 41 234 01
5 3 24 34 40 123 01
5 5 20 30 31 40 41 234 01
5 3 24 34 41 230 01
5 5 20 21 30 31 41 234 01
5 3 24 34 41 203 01
5 5 20 21 31 40 41 234 01
5 3 24 34 41 023 01
5 5 21 30 31 40 41 234 01
5 6 20 21 30 31 40 41 234 01
5 0 1234 34
5 0 1234 24
5 0 1234 23
5 0 1234 14
5 0 1234 13
5 0 1234 12
5 0 0234 14
5 0 0234 13
5 0 0234 12
5 0 0123 34
5 0 0124 23
5 0 0123 14
5 0 1234 01
5 0 0234 01
5 1 40 4123 23
5 1 40 1423 23
5 1 40 1243 23
5 1 40 1234 23
5 1 40 4123 13
5 1 40 1423 13
5 1 40 1243 13
5 1 40 1234 13
5 1 40 4123 12
5 1 40 1423 12
5 1 40 1243 12
5 1 40 1234 12
5 1 40 4123 03
5 1 40 1423 03
5 1 40 1243 03
5 1 40 1234 03
5 1 40 4123 02
5 1 40 1423 02
5 1 40 1243 02
5 1 40 1234 02
5 1 40 4123 01
5 1 40 1423 01
5 1 40 1243 01
5 1 40 1234 01
5 1 43 4012 23
5 1 43 0412 23
5 1 43 0142 23
5 1 43 0124 23
5 1 42 4013 12
5 1 42 0413 12
5 1 42 0143 12
5 1 42 0134 12
5 1 43 4012 03
5 1 43 0412 03
5 1 43 0142 03
5 1 43 0124 03
5 2 30 40 3412 12
5 2 30 40 3142 12
5 2 30 40 3124 12
5 2 30 40 1342 12
5 2 30 40 1324 12
5 2 30 40 1234 12
5 2 31 41 3402 12
5 2 31 41 3042 12
5 2 31 41 3024 12
5 2 31 41 0342 12
5 2 31 41 0324 12
5 2 31 41 0234 12
5 2 32 42 3401 12
5 2 32 42 3041 12
5 2 32 42 3014 12
5 2 32 42 0341 12
5 2 32 42 0314 12
5 2 32 42 0134 12
5 2 30 40 3412 01
5 2 30 40 3142 01
5 2 30 40 3124 01
5 2 30 40 1342 01
5 2 30 40 1324 01
5 2 30 40 1234 01
5 2 32 42 3401 02
5 2 32 42 3041 02
5 2 32 42 3014 02
5 2 32 42 0341 02
5 2 32 42 0314 02
5 2 32 42 0134 02
5 3 20 30 40 2341 01
5 3 20 30 40 2314 01
5 3 20 30 40 2134 01
5 3 20 30 40 1234 01
5 3 21 31 41 2340 01
5 3 21 31 41 2304 01
5 3 21 31 41 2034 01
5 3 21 31 41 0234 01
5 0 01234 34
5 0 01234 24
5 0 01234 23
5 0 01234 14
5 0 01234 13
5 0 01234 12
5 0 01234 04
5 0 01234 03
5 0 01234 02
5 0 01234 01
5 0 - 234
5 1 04 - 123
5 1 04 - 423
5 1 04 - 243
5 1 04 - 234
5 2 03 04 - 412
5 2 03 04 - 142
5 2 03 04 - 124
5 2 03 04 - 342
5 2 03 04 - 324
5 2 03 04 - 234
5 2 04 14 - 423
5 2 04 14 - 243
5 2 04 14 - 234
5 2 12 34 - 024
5 2 01 24 - 143
5 2 01 24 - 134
5 3 02 03 04 - 341
5 3 02 03 04 - 314
5 3 02 03 04 - 134
5 3 02 03 04 - 234
5 2 04 43 - 312
5 3 03 04 13 - 342
5 3 03 04 13 - 324
5 2 04 43 - 132
5 3 03 04 14 - 342
5 3 03 04 13 - 234
5 2 04 43 - 123
5 3 03 04 14 - 324
5 3 03 04 14 - 234
5 3 01 23 24 - 134
5 3 01 02 34 - 124
5 4 01 02 03 04 - 234
5 3 03 04 42 - 231
5 3 03 04 42 - 213
5 4 02 03 04 12 - 234
5 3 02 04 43 - 231
5 3 03 04 42 - 123
5 4 02 03 04 13 - 234
5 3 02 04 43 - 213
5 3 02 04 43 - 123
5 4 02 03 04 14 - 234
5 4 03 04 13 14 - 342
5 4 03 04 13 14 - 324
5 4 03 04 13 14 - 234
5 4 01 04 23 24 - 413
5 4 01 04 23 24 - 143
5 4 01 04 23 24 - 134
5 4 01 02 03 14 - 423
5 4 01 02 03 14 - 243
5 4 01 02 03 14 - 234
5 3 04 42 43 - 231
5 5 02 03 04 12 13 - 234
5 3 04 42 43 - 213
5 5 02 03 04 12 14 - 234
5 3 04 42 43 - 123
5 5 02 03 04 13 14 - 234
5 4 01 02 13 14 - 342
5 4 01 02 13 14 - 324
5 4 01 02 13 14 - 234
5 6 02 03 04 12 13 14 - 234
5 4 01 12 13 14 - 234
5 0 4 234
5 0 3 234
5 0 2 234
5 0 1 234
5 1 04 3 123
5 1 04 3 423
5 1 04 3 412
5 1 04 3 243
5 1 04 3 234
5 1 04 3 142
5 1 04 3 124
5 1 04 2 123
5 1 04 2 423
5 1 04 2 243
5 1 04 2 234
5 1 04 1 123
5 1 04 0 123
5 1 04 0 423
5 1 04 0 243
5 1 04 0 234
5 2 03 04 2 412
5 2 03 04 2 142
5 2 03 04 2 124
5 2 03 04 2 342
5 2 03 04 2 324
5 2 03 04 2 234
5 2 03 04 2 341
5 2 03 04 2 314
5 2 03 04 2 134
5 2 03 04 1 412
5 2 03 04 1 142
5 2 03 04 1 124
5 2 23 24 2 401
5 2 23 24 2 041
5 2 23 24 2 014
5 2 23 24 2 341
5 2 23 24 2 314
5 2 23 24 2 134
5 2 04 14 3 423
5 2 04 14 3 243
5 2 04 14 3 234
5 2 04 14 2 423
5 2 04 14 2 243
5 2 04 14 2 234
5 2 04 34 3 412
5 2 04 34 3 142
5 2 04 34 3 124
5 2 12 43 4 023
5 2 21 34 2 014
5 2 12 34 0 024
5 2 01 24 3 143
5 2 01 24 3 134
5 2 01 34 3 142
5 2 01 34 3 124
5 2 01 24 0 143
5 2 01 24 0 134
5 3 02 03 04 1 341
5 3 02 03 04 1 314
5 3 02 03 04 1 134
5 3 02 03 04 1 234
5 3 12 13 14 1 340
5 3 12 13 14 1 304
5 3 12 13 14 1 034
5 3 12 13 14 1 234
5 2 04 43 2 312
5 3 03 04 13 2 342
5 3 03 04 13 2 324
5 3 03 04 23 2 341
5 3 03 04 23 2 314
5 2 04 43 2 132
5 3 03 04 14 2 342
5 3 03 04 13 2 234
5 3 03 04 24 2 341
5 3 03 04 23 2 134
5 2 04 43 2 123
5 3 03 04 14 2 324
5 3 03 04 14 2 234
5 3 03 04 24 2 314
5 3 03 04 24 2 134
5 2 04 43 1 312
5 2 04 43 1 132
5 2 04 43 1 123
5 2 24 43 2 301
5 3 03 23 24 2 341
5 3 03 23 24 2 314
5 2 24 43 2 031
5 3 04 23 24 2 341
5 3 03 23 24 2 134
5 2 24 43 2 013
5 3 04 23 24 2 314
5 3 04 23 24 2 134
5 3 01 23 24 2 134
5 3 01 23 24 0 134
5 3 01 02 34 3 124
5 3 01 02 34 0 124
5 4 01 02 03 04 0 234
5 3 03 04 42 1 231
5 3 03 04 42 1 213
5 4 02 03 04 12 1 234
5 3 02 04 43 1 231
5 3 03 04 42 1 123
5 4 02 03 04 13 1 234
5 3 02 04 43 1 213
5 3 02 04 43 1 123
5 4 02 03 04 14 1 234
5 3 13 14 42 1 230
5 3 13 14 42 1 203
5 4 02 12 13 14 1 234
5 3 12 14 43 1 230
5 3 13 14 42 1 023
5 4 03 12 13 14 1 234
5 3 12 14 43 1 203
5 3 12 14 43 1 023
5 4 04 12 13 14 1 234
5 4 03 04 13 14 2 342
5 4 03 04 13 14 2 324
5 4 03 04 13 14 2 234
5 4 03 04 23 24 2 341
5 4 03 04 23 24 2 314
5 4 03 04 23 24 2 134
5 4 01 04 32 34 3 412
5 4 01 04 32 34 3 142
5 4 01 04 32 34 3 124
5 4 10 14 23 24 1 403
5 4 10 14 23 24 1 043
5 4 10 14 23 24 1 034
5 4 01 02 03 14 0 423
5 4 01 02 03 14 0 243
5 4 01 02 03 14 0 234
5 3 04 42 43 1 231
5 5 02 03 04 12 13 1 234
5 3 04 42 43 1 213
5 5 02 03 04 12 14 1 234
5 3 04 42 43 1 123
5 5 02 03 04 13 14 1 234
5 3 14 42 43 1 230
5 5 02 03 12 13 14 1 234
5 3 14 42 43 1 203
5 5 02 04 12 13 14 1 234
5 3 14 42 43 1 023
5 5 03 04 12 13 14 1 234
5 4 01 02 13 14 0 342
5 4 01 02 13 14 0 324
5 4 01 02 13 14 0 234
5 6 02 03 04 12 13 14 1 234
5 4 01 12 13 14 0 234
5 0 34 234
5 0 24 234
5 0 23 234
5 0 14 234
5 0 13 234
5 0 12 234
5 0 34 123
5 0 23 124
5 0 14 123
5 0 23 014
5 1 04 23 123
5 1 04 23 423
5 1 04 23 413
5 1 04 23 412
5 1 04 23 243
5 1 04 23 234
5 1 04 23 143
5 1 04 23 142
5 1 04 23 134
5 1 04 23 124
5 1 04 13 123
5 1 04 13 412
5 1 04 13 142
5 1 04 13 124
5 1 04 12 123
5 1 04 12 423
5 1 04 12 243
5 1 04 12 234
5 1 04 03 123
5 1 04 03 423
5 1 04 03 412
5 1 04 03 243
5 1 04 03 234
5 1 04 03 142
5 1 04 03 124
5 1 04 02 123
5 1 04 02 423
5 1 04 02 243
5 1 04 02 234
5 1 04 01 123
5 1 34 23 012
5 1 34 23 412
5 1 34 23 401
5 1 34 23 142
5 1 34 23 124
5 1 34 23 041
5 1 34 23 014
5 1 24 12 013
5 1 24 12 413
5 1 24 12 143
5 1 24 12 134
5 1 34 03 012
5 2 03 04 12 412
5 2 03 04 12 142
5 2 03 04 12 124
5 2 03 04 12 342
5 2 03 04 12 324
5 2 03 04 12 234
5 2 03 04 12 341
5 2 03 04 12 314
5 2 03 04 12 134
5 2 13 14 12 402
5 2 13 14 12 042
5 2 13 14 12 024
5 2 13 14 12 342
5 2 13 14 12 324
5 2 13 14 12 234
5 2 13 14 12 340
5 2 13 14 12 304
5 2 13 14 12 034
5 2 23 24 12 401
5 2 23 24 12 041
5 2 23 24 12 014
5 2 23 24 12 341
5 2 23 24 12 314
5 2 23 24 12 134
5 2 23 24 12 340
5 2 23 24 12 304
5 2 23 24 12 034
5 2 03 04 01 412
5 2 03 04 01 142
5 2 03 04 01 124
5 2 23 24 02 401
5 2 23 24 02 041
5 2 23 24 02 014
5 2 04 14 23 423
5 2 04 14 23 243
5 2 04 14 23 234
5 2 04 24 23 413
5 2 04 24 23 143
5 2 04 24 23 134
5 2 04 34 23 412
5 2 04 34 23 142
5 2 04 34 23 124
5 2 04 14 12 423
5 2 04 14 12 243
5 2 04 14 12 234
5 2 04 34 13 412
5 2 04 34 13 142
5 2 04 34 13 124
5 2 14 24 12 403
5 2 14 24 12 043
5 2 14 24 12 034
5 2 12 34 13 024
5 2 12 43 04 023
5 2 21 34 02 014
5 2 01 24 23 143
5 2 01 24 23 134
5 2 01 34 23 142
5 2 01 34 23 124
5 2 01 24 03 143
5 2 01 24 03 134
5 2 01 34 03 142
5 2 01 34 03 124
5 2 02 34 01 124
5 2 12 34 01 204
5 3 02 03 04 01 341
5 3 02 03 04 01 314
5 3 02 03 04 01 134
5 3 02 03 04 01 234
5 3 12 13 14 01 340
5 3 12 13 14 01 304
5 3 12 13 14 01 034
5 3 12 13 14 01 234
5 2 04 43 12 312
5 3 03 04 13 12 342
5 3 03 04 13 12 324
5 3 03 04 23 12 341
5 3 03 04 23 12 314
5 2 04 43 12 132
5 3 03 04 14 12 342
5 3 03 04 13 12 234
5 3 03 04 24 12 341
5 3 03 04 23 12 134
5 2 04 43 12 123
5 3 03 04 14 12 324
5 3 03 04 14 12 234
5 3 03 04 24 12 314
5 3 03 04 24 12 134
5 2 14 43 12 302
5 3 03 13 14 12 342
5 3 03 13 14 12 324
5 3 13 14 23 12 340
5 3 13 14 23 12 304
5 2 14 43 12 032
5 3 04 13 14 12 342
5 3 03 13 14 12 234
5 3 13 14 24 12 340
5 3 13 14 23 12 034
5 2 14 43 12 023
5 3 04 13 14 12 324
5 3 04 13 14 12 234
5 3 13 14 24 12 304
5 3 13 14 24 12 034
5 2 24 43 12 301
5 3 03 23 24 12 341
5 3 03 23 24 12 314
5 3 13 23 24 12 340
5 3 13 23 24 12 304
5 2 24 43 12 031
5 3 04 23 24 12 341
5 3 03 23 24 12 134
5 3 14 23 24 12 340
5 3 13 23 24 12 034
5 2 24 43 12 013
5 3 04 23 24 12 314
5 3 04 23 24 12 134
5 3 14 23 24 12 304
5 3 14 23 24 12 034
5 2 04 43 01 312
5 2 04 43 01 132
5 2 04 43 01 123
5 2 24 43 02 301
5 2 24 43 02 031
5 2 24 43 02 013
5 3 01 23 24 02 134
5 3 01 02 34 03 124
5 3 03 04 42 01 231
5 3 03 04 42 01 213
5 4 02 03 04 12 01 234
5 3 02 04 43 01 231
5 3 03 04 42 01 123
5 4 02 03 04 13 01 234
5 3 02 04 43 01 213
5 3 02 04 43 01 123
5 4 02 03 04 14 01 234
5 3 13 14 42 01 230
5 3 13 14 42 01 203
5 4 02 12 13 14 01 234
5 3 12 14 43 01 230
5 3 13 14 42 01 023
5 4 03 12 13 14 01 234
5 3 12 14 43 01 203
5 3 12 14 43 01 023
5 4 04 12 13 14 01 234
5 4 03 04 13 14 12 342
5 4 03 04 13 14 12 324
5 4 03 04 13 14 12 234
5 4 03 04 23 24 12 341
5 4 03 04 23 24 12 314
5 4 03 04 23 24 12 134
5 4 03 04 13 14 01 342
5 4 03 04 13 14 01 324
5 4 03 04 13 14 01 234
5 4 01 04 23 24 02 413
5 4 01 04 23 24 02 143
5 4 01 04 23 24 02 134
5 3 04 42 43 01 231
5 5 02 03 04 12 13 01 234
5 3 04 42 43 01 213
5 5 02 03 04 12 14 01 234
5 3 04 42 43 01 123
5 5 02 03 04 13 14 01 234
5 3 14 42 43 01 230
5 5 02 03 12 13 14 01 234
5 3 14 42 43 01 203
5 5 02 04 12 13 14 01 234
5 3 14 42 43 01 023
5 5 03 04 12 13 14 01 234
5 6 02 03 04 12 13 14 01 234
5 0 234 234
5 0 234 134
5 0 234 124
5 0 234 123
5 0 124 234
5 0 123 234
5 0 134 124
5 0 134 123
5 0 123 134
5 0 124 123
5 0 234 014
5 0 234 013
5 0 234 012
5 0 123 034
5 0 124 023
5 0 123 014
5 0 012 234
5 0 014 123
5 0 023 014
5 1 04 123 123
5 1 04 123 423
5 1 04 123 413
5 1 04 123 412
5 1 04 123 243
5 1 04 123 234
5 1 04 123 143
5 1 04 123 142
5 1 04 123 134
5 1 04 123 124
5 1 14 123 023
5 1 14 123 423
5 1 14 123 403
5 1 14 123 402
5 1 14 123 243
5 1 14 123 234
5 1 14 123 043
5 1 14 123 042
5 1 14 123 034
5 1 14 123 024
5 1 24 123 013
5 1 24 123 413
5 1 24 123 403
5 1 24 123 401
5 1 24 123 143
5 1 24 123 134
5 1 24 123 043
5 1 24 123 041
5 1 24 123 034
5 1 24 123 014
5 1 34 123 012
5 1 34 123 412
5 1 34 123 402
5 1 34 123 401
5 1 34 123 142
5 1 34 123 124
5 1 34 123 042
5 1 34 123 041
5 1 34 123 024
5 1 34 123 014
5 1 04 013 123
5 1 04 013 412
5 1 04 013 142
5 1 04 013 124
5 1 04 012 123
5 1 04 012 423
5 1 04 012 243
5 1 04 012 234
5 1 24 023 013
5 1 24 023 401
5 1 24 023 041
5 1 24 023 014
5 1 34 023 012
5 1 34 023 401
5 1 34 023 041
5 1 34 023 014
5 1 14 012 023
5 1 14 012 423
5 1 14 012 243
5 1 14 012 234
5 1 34 013 012
5 1 34 013 412
5 1 34 013 142
5 1 34 013 124
5 2 03 04 012 412
5 2 03 04 012 142
5 2 03 04 012 124
5 2 03 04 012 342
5 2 03 04 012 324
5 2 03 04 012 234
5 2 03 04 012 341
5 2 03 04 012 314
5 2 03 04 012 134
5 2 13 14 012 402
5 2 13 14 012 042
5 2 13 14 012 024
5 2 13 14 012 342
5 2 13 14 012 324
5 2 13 14 012 234
5 2 13 14 012 340
5 2 13 14 012 304
5 2 13 14 012 034
5 2 23 24 012 401
5 2 23 24 012 041
5 2 23 24 012 014
5 2 23 24 012 341
5 2 23 24 012 314
5 2 23 24 012 134
5 2 23 24 012 340
5 2 23 24 012 304
5 2 23 24 012 034
5 2 04 14 123 423
5 2 04 14 123 243
5 2 04 14 123 234
5 2 04 24 123 413
5 2 04 24 123 143
5 2 04 24 123 134
5 2 04 34 123 412
5 2 04 34 123 142
5 2 04 34 123 124
5 2 14 24 123 403
5 2 14 24 123 043
5 2 14 24 123 034
5 2 14 34 123 402
5 2 14 34 123 042
5 2 14 34 123 024
5 2 24 34 123 401
5 2 24 34 123 041
5 2 24 34 123 014
5 2 04 14 012 423
5 2 04 14 012 243
5 2 04 14 012 234
5 2 04 34 013 412
5 2 04 34 013 142
5 2 04 34 013 124
5 2 14 24 012 403
5 2 14 24 012 043
5 2 14 24 012 034
5 2 12 34 013 024
5 2 01 24 023 143
5 2 01 24 023 134
5 2 01 34 023 142
5 2 01 34 023 124
5 2 02 34 013 124
5 2 12 34 013 204
5 2 04 43 012 312
5 3 03 04 13 012 342
5 3 03 04 13 012 324
5 3 03 04 23 012 341
5 3 03 04 23 012 314
5 2 04 43 012 132
5 3 03 04 14 012 342
5 3 03 04 13 012 234
5 3 03 04 24 012 341
5 3 03 04 23 012 134
5 2 04 43 012 123
5 3 03 04 14 012 324
5 3 03 04 14 012 234
5 3 03 04 24 012 314
5 3 03 04 24 012 134
5 2 14 43 012 302
5 3 03 13 14 012 342
5 3 03 13 14 012 324
5 3 13 14 23 012 340
5 3 13 14 23 012 304
5 2 14 43 012 032
5 3 04 13 14 012 342
5 3 03 13 14 012 234
5 3 13 14 24 012 340
5 3 13 14 23 012 034
5 2 14 43 012 023
5 3 04 13 14 012 324
5 3 04 13 14 012 234
5 3 13 14 24 012 304
5 3 13 14 24 012 034
5 2 24 43 012 301
5 3 03 23 24 012 341
5 3 03 23 24 012 314
5 3 13 23 24 012 340
5 3 13 23 24 012 304
5 2 24 43 012 031
5 3 04 23 24 012 341
5 3 03 23 24 012 134
5 3 14 23 24 012 340
5 3 13 23 24 012 034
5 2 24 43 012 013
5 3 04 23 24 012 314
5 3 04 23 24 012 134
5 3 14 23 24 012 304
5 3 14 23 24 012 034
5 4 03 04 13 14 012 342
5 4 03 04 13 14 012 324
5 4 03 04 13 14 012 234
5 4 03 04 23 24 012 341
5 4 03 04 23 24 012 314
5 4 03 04 23 24 012 134
5 4 13 14 23 24 012 340
5 4 13 14 23 24 012 304
5 4 13 14 23 24 012 034
5 0 1234 234
5 0 1234 134
5 0 1234 124
5 0 1234 123
5 0 0134 234
5 0 0124 234
5 0 0123 234
5 0 0234 124
5 0 0234 123
5 0 0124 134
5 0 0123 134
5 0 0134 123
5 0 0123 124
5 0 1234 014
5 0 1234 013
5 0 1234 012
5 0 0234 014
5 0 0234 013
5 0 0234 012
5 0 0123 034
5 0 0124 023
5 0 0123 014
5 1 40 4123 123
5 1 40 1423 123
5 1 40 1243 123
5 1 40 1234 123
5 1 41 4023 123
5 1 41 0423 123
5 1 41 0243 123
5 1 41 0234 123
5 1 42 4013 123
5 1 42 0413 123
5 1 42 0143 123
5 1 42 0134 123
5 1 43 4012 123
5 1 43 0412 123
5 1 43 0142 123
5 1 43 0124 123
5 1 40 4123 013
5 1 40 1423 013
5 1 40 1243 013
5 1 40 1234 013
5 1 40 4123 012
5 1 40 1423 012
5 1 40 1243 012
5 1 40 1234 012
5 1 42 4013 023
5 1 42 0413 023
5 1 42 0143 023
5 1 42 0134 023
5 1 43 4012 023
5 1 43 0412 023
5 1 43 0142 023
5 1 43 0124 023
5 1 41 4023 012
5 1 41 0423 012
5 1 41 0243 012
5 1 41 0234 012
5 1 43 4012 013
5 1 43 0412 013
5 1 43 0142 013
5 1 43 0124 013
5 2 30 40 3412 012
5 2 30 40 3142 012
5 2 30 40 3124 012
5 2 30 40 1342 012
5 2 30 40 1324 012
5 2 30 40 1234 012
5 2 31 41 3402 012
5 2 31 41 3042 012
5 2 31 41 3024 012
5 2 31 41 0342 012
5 2 31 41 0324 012
5 2 31 41 0234 012
5 2 32 42 3401 012
5 2 32 42 3041 012
5 2 32 42 3014 012
5 2 32 42 0341 012
5 2 32 42 0314 012
5 2 32 42 0134 012
5 0 01234 234
5 0 01234 134
5 0 01234 124
5 0 01234 123
5 0 01234 034
5 0 01234 024
5 0 01234 023
5 0 01234 014
5 0 01234 013
5 0 01234 012
5 0 - 1234
5 1 04 - 4123
5 1 04 - 1423
5 1 04 - 1243
5 1 04 - 1234
5 2 03 04 - 3412
5 2 03 04 - 3142
5 2 03 04 - 3124
5 2 03 04 - 1342
5 2 03 04 - 1324
5 2 03 04 - 1234
5 3 02 03 04 - 2341
5 3 02 03 04 - 2314
5 3 02 03 04 - 2134
5 3 02 03 04 - 1234
5 4 01 02 03 04 - 1234
5 0 4 1234
5 0 3 1234
5 0 2 1234
5 0 1 1234
5 0 1 0234
5 1 04 3 4123
5 1 04 3 1423
5 1 04 3 1243
5 1 04 3 1234
5 1 04 2 4123
5 1 04 2 1423
5 1 04 2 1243
5 1 04 2 1234
5 1 04 1 4123
5 1 04 1 1423
5 1 04 1 1243
5 1 04 1 1234
5 1 04 0 4123
5 1 04 0 1423
5 1 04 0 1243
5 1 04 0 1234
5 2 03 04 2 3412
5 2 03 04 2 3142
5 2 03 04 2 3124
5 2 03 04 2 1342
5 2 03 04 2 1324
5 2 03 04 2 1234
5 2 03 04 1 3412
5 2 03 04 1 3142
5 2 03 04 1 3124
5 2 03 04 1 1342
5 2 03 04 1 1324
5 2 03 04 1 1234
5 2 23 24 2 3401
5 2 23 24 2 3041
5 2 23 24 2 3014
5 2 23 24 2 0341
5 2 23 24 2 0314
5 2 23 24 2 0134
5 3 02 03 04 1 2341
5 3 02 03 04 1 2314
5 3 02 03 04 1 2134
5 3 02 03 04 1 1234
5 3 12 13 14 1 2340
5 3 12 13 14 1 2304
5 3 12 13 14 1 2034
5 3 12 13 14 1 0234
5 4 01 02 03 04 0 1234
5 0 34 1234
5 0 24 1234
5 0 23 1234
5 0 14 1234
5 0 13 1234
5 0 12 1234
5 0 14 0234
5 0 13 0234
5 0 12 0234
5 0 34 0123
5 0 23 0124
5 0 14 0123
5 0 01 1234
5 0 01 0234
5 1 04 23 4123
5 1 04 23 1423
5 1 04 23 1243
5 1 04 23 1234
5 1 04 13 4123
5 1 04 13 1423
5 1 04 13 1243
5 1 04 13 1234
5 1 04 12 4123
5 1 04 12 1423
5 1 04 12 1243
5 1 04 12 1234
5 1 04 03 4123
5 1 04 03 1423
5 1 04 03 1243
5 1 04 03 1234
5 1 04 02 4123
5 1 04 02 1423
5 1 04 02 1243
5 1 04 02 1234
5 1 04 01 4123
5 1 04 01 1423
5 1 04 01 1243
5 1 04 01 1234
5 1 34 23 4012
5 1 34 23 0412
5 1 34 23 0142
5 1 34 23 0124
5 1 24 12 4013
5 1 24 12 0413
5 1 24 12 0143
5 1 24 12 0134
5 1 34 03 4012
5 1 34 03 0412
5 1 34 03 0142
5 1 34 03 0124
5 2 03 04 12 3412
5 2 03 04 12 3142
5 2 03 04 12 3124
5 2 03 04 12 1342
5 2 03 04 12 1324
5 2 03 04 12 1234
5 2 13 14 12 3402
5 2 13 14 12 3042
5 2 13 14 12 3024
5 2 13 14 12 0342
5 2 13 14 12 0324
5 2 13 14 12 0234
5 2 23 24 12 3401
5 2 23 24 12 3041
5 2 23 24 12 3014
5 2 23 24 12 0341
5 2 23 24 12 0314
5 2 23 24 12 0134
5 2 03 04 01 3412
5 2 03 04 01 3142
5 2 03 04 01 3124
5 2 03 04 01 1342
5 2 03 04 01 1324
5 2 03 04 01 1234
5 2 23 24 02 3401
5 2 23 24 02 3041
5 2 23 24 02 3014
5 2 23 24 02 0341
5 2 23 24 02 0314
5 2 23 24 02 0134
5 3 02 03 04 01 2341
5 3 02 03 04 01 2314
5 3 02 03 04 01 2134
5 3 02 03 04 01 1234
5 3 12 13 14 01 2340
5 3 12 13 14 01 2304
5 3 12 13 14 01 2034
5 3 12 13 14 01 0234
5 0 234 1234
5 0 134 1234
5 0 124 1234
5 0 123 1234
5 0 234 0134
5 0 234 0124
5 0 234 0123
5 0 124 0234
5 0 123 0234
5 0 134 0124
5 0 134 0123
5 0 123 0134
5 0 124 0123
5 0 014 1234
5 0 013 1234
5 0 012 1234
5 0 014 0234
5 0 013 0234
5 0 012 0234
5 0 034 0123
5 0 023 0124
5 0 014 0123
5 1 04 123 4123
5 1 04 123 1423
5 1 04 123 1243
5 1 04 123 1234
5 1 14 123 4023
5 1 14 123 0423
5 1 14 123 0243
5 1 14 123 0234
5 1 24 123 4013
5 1 24 123 0413
5 1 24 123 0143
5 1 24 123 0134
5 1 34 123 4012
5 1 34 123 0412
5 1 34 123 0142
5 1 34 123 0124
5 1 04 013 4123
5 1 04 013 1423
5 1 04 013 1243
5 1 04 013 1234
5 1 04 012 4123
5 1 04 012 1423
5 1 04 012 1243
5 1 04 012 1234
5 1 24 023 4013
5 1 24 023 0413
5 1 24 023 0143
5 1 24 023 0134
5 1 34 023 4012
5 1 34 023 0412
5 1 34 023 0142
5 1 34 023 0124
5 1 14 012 4023
5 1 14 012 0423
5 1 14 012 0243
5 1 14 012 0234
5 1 34 013 4012
5 1 34 013 0412
5 1 34 013 0142
5 1 34 013 0124
5 2 03 04 012 3412
5 2 03 04 012 3142
5 2 03 04 012 3124
5 2 03 04 012 1342
5 2 03 04 012 1324
5 2 03 04 012 1234
5 2 13 14 012 3402
5 2 13 14 012 3042
5 2 13 14 012 3024
5 2 13 14 012 0342
5 2 13 14 012 0324
5 2 13 14 012 0234
5 2 23 24 012 3401
5 2 23 24 012 3041
5 2 23 24 012 3014
5 2 23 24 012 0341
5 2 23 24 012 0314
5 2 23 24 012 0134
5 0 1234 1234
5 0 1234 0234
5 0 1234 0134
5 0 1234 0124
5 0 1234 0123
5 0 0134 1234
5 0 0124 1234
5 0 0123 1234
5 0 0234 0134
5 0 0234 0124
5 0 0234 0123
5 0 0124 0234
5 0 0123 0234
5 0 0134 0124
5 0 0134 0123
5 0 0123 0134
5 0 0124 0123
5 1 04 0123 4123
5 1 04 0123 1423
5 1 04 0123 1243
5 1 04 0123 1234
5 1 14 0123 4023
5 1 14 0123 0423
5 1 14 0123 0243
5 1 14 0123 0234
5 1 24 0123 4013
5 1 24 0123 0413
5 1 24 0123 0143
5 1 24 0123 0134
5 1 34 0123 4012
5 1 34 0123 0412
5 1 34 0123 0142
5 1 34 0123 0124
5 0 01234 1234
5 0 01234 0234
5 0 01234 0134
5 0 01234 0124
5 0 01234 0123
5 0 - 01234
5 0 4 01234
5 0 3 01234
5 0 2 01234
5 0 1 01234
5 0 0 01234
5 0 34 01234
5 0 24 01234
5 0 23 01234
5 0 14 01234
5 0 13 01234
5 0 12 01234
5 0 04 01234
5 0 03 01234
5 0 02 01234
5 0 01 01234
5 0 234 01234
5 0 134 01234
5 0 124 01234
5 0 123 01234
5 0 034 01234
5 0 024 01234
5 0 023 01234
5 0 014 01234
5 0 013 01234
5 0 012 01234
5 0 1234 01234
5 0 0234 01234
5 0 0134 01234
5 0 0124 01234
5 0 0123 01234
5 0 01234 01234
