6 8 02 03 04 05 21 31 41 51 0 1
6 7 03 04 05 21 31 41 52 0 1
6 7 03 04 05 21 31 42 52 0 1
6 7 04 05 21 31 41 52 53 0 1
6 6 03 05 21 32 41 54 0 1
6 7 03 04 05 21 32 42 52 0 1
6 6 03 05 21 31 42 54 0 1
6 7 04 05 21 31 42 52 53 0 1
6 7 05 21 31 41 52 53 54 0 1
6 6 04 05 21 32 42 53 0 1
6 8 04 05 21 31 42 43 52 53 0 1
6 6 05 21 31 42 53 54 0 1
6 6 04 05 21 32 43 53 0 1
6 6 05 21 32 42 53 54 0 1
6 6 05 21 31 42 43 54 0 1
6 5 05 21 32 43 54 0 1
6 7 13 14 15 20 30 40 50 12 0
6 7 10 23 24 25 30 40 50 12 0
6 6 10 21 34 35 40 50 23 0
6 6 12 13 20 30 40 54 15 0
6 6 13 14 20 35 40 50 12 0
6 7 13 14 15 25 30 40 50 12 0
6 6 10 23 24 35 40 50 12 0
6 7 15 23 24 25 30 40 50 12 0
6 7 12 15 20 34 35 40 50 13 0
6 5 10 21 34 45 50 23 0
6 5 12 23 30 40 54 15 0
6 6 13 20 34 35 40 50 12 0
6 8 13 14 15 24 25 30 40 50 12 0
6 6 13 14 20 35 45 50 12 0
6 6 13 14 25 35 40 50 12 0
6 6 13 15 25 34 40 50 12 0
6 6 10 23 34 35 40 50 12 0
6 8 14 15 23 24 25 30 40 50 12 0
6 6 10 23 24 35 45 50 12 0
6 6 15 23 24 35 40 50 12 0
6 6 15 23 25 34 40 50 12 0
6 6 15 21 30 43 45 50 24 0
6 6 10 21 25 35 43 50 24 0
6 9 13 14 15 23 24 25 30 40 50 12 0
6 5 13 20 34 45 50 12 0
6 6 13 25 34 35 40 50 12 0
6 6 13 14 24 30 45 50 12 0
6 7 13 14 24 25 35 40 50 12 0
6 6 13 14 25 35 45 50 12 0
6 5 10 23 34 45 50 12 0
6 6 15 23 34 35 40 50 12 0
6 6 14 23 24 30 45 50 12 0
6 7 14 15 23 24 35 40 50 12 0
6 6 15 23 24 35 45 50 12 0
6 5 15 21 35 43 50 24 0
6 7 13 14 23 24 35 40 50 12 0
6 7 13 24 25 34 35 40 50 12 0
6 5 13 25 34 45 50 12 0
6 6 13 14 24 35 45 50 12 0
6 7 14 15 23 34 35 40 50 12 0
6 5 15 23 34 45 50 12 0
6 6 14 23 24 35 45 50 12 0
6 6 13 23 34 35 40 50 12 0
6 7 13 14 23 24 35 45 50 12 0
6 5 13 24 34 45 50 12 0
6 5 14 23 34 45 50 12 0
6 5 13 23 34 45 50 12 0
6 6 14 15 20 30 40 50 123 0
6 6 10 24 25 30 40 50 123 0
6 6 10 20 34 35 40 50 123 0
6 5 10 20 32 40 54 135 0
6 5 10 21 30 40 53 254 0
6 5 10 21 30 40 53 245 0
6 5 14 20 30 45 50 123 0
6 6 14 15 25 30 40 50 123 0
6 6 14 15 20 35 40 50 123 0
6 5 10 24 30 45 50 123 0
6 6 15 24 25 30 40 50 123 0
6 6 10 24 25 35 40 50 123 0
6 5 10 20 34 45 50 123 0
6 6 15 20 34 35 40 50 123 0
6 6 10 25 34 35 40 50 123 0
6 5 10 21 30 43 53 245 0
6 5 10 21 31 40 54 235 0
6 7 14 15 24 25 30 40 50 123 0
6 7 14 15 20 34 35 40 50 123 0
6 7 10 24 25 34 35 40 50 123 0
6 5 14 25 30 45 50 123 0
6 5 14 20 35 45 50 123 0
6 6 14 15 25 35 40 50 123 0
6 6 14 15 24 35 40 50 123 0
6 5 15 24 30 45 50 123 0
6 5 10 24 35 45 50 123 0
6 6 15 24 25 35 40 50 123 0
6 6 14 24 25 35 40 50 123 0
6 5 15 20 34 45 50 123 0
6 5 10 25 34 45 50 123 0
6 6 15 25 34 35 40 50 123 0
6 6 14 25 34 35 40 50 123 0
6 5 14 24 30 45 50 123 0
6 7 14 15 24 25 35 40 50 123 0
6 5 14 20 34 45 50 123 0
6 7 14 15 25 34 35 40 50 123 0
6 5 10 24 34 45 50 123 0
6 7 15 24 25 34 35 40 50 123 0
6 5 14 25 35 45 50 123 0
6 5 15 24 35 45 50 123 0
6 5 15 25 34 45 50 123 0
6 8 14 15 24 25 34 35 40 50 123 0
6 5 14 24 35 45 50 123 0
6 5 14 25 34 45 50 123 0
6 5 15 24 34 45 50 123 0
6 5 14 24 34 45 50 123 0
6 5 10 20 30 40 51 5234 0
6 5 10 20 30 40 51 2534 0
6 5 10 20 30 40 51 2354 0
6 5 10 20 30 40 51 2345 0
6 5 10 20 30 41 51 4523 0
6 5 10 20 30 41 51 4253 0
6 5 10 20 30 41 51 4235 0
6 5 10 20 30 41 51 2453 0
6 5 10 20 30 41 51 2435 0
6 5 10 20 30 41 51 2345 0
6 5 10 20 31 41 51 3452 0
6 5 10 20 31 41 51 3425 0
6 5 10 20 31 41 51 3245 0
6 5 10 20 31 41 51 2345 0
6 5 10 21 31 41 51 2345 0
6 5 10 20 30 40 50 12345 0
6 7 02 03 04 05 31 41 51 0 12
6 7 01 03 04 05 32 42 52 0 12
6 6 01 04 05 12 43 53 0 23
6 6 02 03 04 21 31 45 0 15
6 6 02 04 05 31 41 53 0 12
6 7 03 04 05 31 41 51 52 0 12
6 6 01 04 05 32 42 53 0 12
6 7 03 04 05 32 42 51 52 0 12
6 7 02 04 05 21 43 51 53 0 13
6 5 01 05 12 43 54 0 23
6 5 03 04 21 32 45 0 15
6 6 02 04 05 31 43 53 0 12
6 8 03 04 05 31 41 42 51 52 0 12
6 6 02 05 31 41 53 54 0 12
6 6 04 05 31 41 52 53 0 12
6 6 04 05 31 43 51 52 0 12
6 6 01 04 05 32 43 53 0 12
6 8 03 04 05 32 41 42 51 52 0 12
6 6 01 05 32 42 53 54 0 12
6 6 04 05 32 42 51 53 0 12
6 6 04 05 32 43 51 52 0 12
6 6 03 05 12 34 51 54 0 24
6 6 01 05 12 34 52 53 0 24
6 9 03 04 05 31 32 41 42 51 52 0 12
6 5 02 05 31 43 54 0 12
6 6 04 05 31 43 52 53 0 12
6 6 03 05 31 41 42 54 0 12
6 7 04 05 31 41 42 52 53 0 12
6 6 05 31 41 52 53 54 0 12
6 5 01 05 32 43 54 0 12
6 6 04 05 32 43 51 53 0 12
6 6 03 05 32 41 42 54 0 12
6 7 04 05 32 41 42 51 53 0 12
6 6 05 32 42 51 53 54 0 12
6 5 05 12 34 51 53 0 24
6 7 04 05 31 32 41 42 53 0 12
6 7 04 05 31 42 43 52 53 0 12
6 5 05 31 43 52 54 0 12
6 6 05 31 41 42 53 54 0 12
6 7 04 05 32 41 43 51 53 0 12
6 5 05 32 43 51 54 0 12
6 6 05 32 41 42 53 54 0 12
6 6 04 05 31 32 43 53 0 12
6 7 05 31 32 41 42 53 54 0 12
6 5 05 31 42 43 54 0 12
6 5 05 32 41 43 54 0 12
6 5 05 31 32 43 54 0 12
6 5 01 24 25 43 53 02 13
6 4 01 12 34 45 03 25
6 5 02 03 21 31 45 04 15
6 6 03 04 05 32 42 52 01 21
6 6 03 04 05 12 42 52 01 23
6 6 03 04 05 32 42 52 01 12
6 6 02 04 05 13 43 53 01 23
6 5 02 05 14 23 54 01 34
6 6 02 04 05 12 43 53 01 23
6 6 03 04 05 15 32 42 01 25
6 5 03 04 12 32 45 01 25
6 6 13 14 15 32 42 52 01 20
6 6 02 13 14 15 42 52 01 23
6 6 13 14 15 32 42 52 01 02
6 6 03 12 14 15 43 53 01 23
6 5 04 12 15 23 54 01 34
6 6 02 12 14 15 43 53 01 23
6 6 05 13 14 15 32 42 01 25
6 5 02 13 14 32 45 01 25
6 5 05 10 23 24 35 12 54
6 5 05 10 23 24 35 12 45
6 6 01 05 23 24 35 45 02 51
6 6 01 05 23 24 35 45 02 15
6 6 01 02 15 25 34 35 03 54
6 6 01 02 15 25 34 35 03 45
6 5 01 02 15 35 43 04 52
6 5 01 02 15 35 43 04 25
6 4 01 25 43 54 02 13
6 4 03 21 32 45 04 15
6 5 04 05 32 42 53 01 21
6 5 03 05 12 42 54 01 23
6 6 03 04 05 14 42 52 01 23
6 6 04 05 12 42 52 53 01 23
6 7 03 04 05 12 13 42 52 01 23
6 5 04 05 32 42 53 01 12
6 5 02 05 13 43 54 01 23
6 6 02 04 05 14 43 53 01 23
6 6 04 05 13 43 52 53 01 23
6 7 02 04 05 12 13 43 53 01 23
6 6 03 05 14 32 52 54 01 24
6 6 04 05 12 43 52 53 01 23
6 6 03 05 12 14 32 54 01 24
6 5 02 05 15 23 54 01 34
6 5 02 05 12 43 54 01 23
6 5 04 05 15 32 43 01 25
6 5 03 04 13 32 45 01 25
6 5 14 15 32 42 53 01 20
6 5 02 13 15 42 54 01 23
6 6 04 13 14 15 42 52 01 23
6 6 02 14 15 42 52 53 01 23
6 7 02 03 13 14 15 42 52 01 23
6 5 14 15 32 42 53 01 02
6 5 03 12 15 43 54 01 23
6 6 04 12 14 15 43 53 01 23
6 6 03 14 15 43 52 53 01 23
6 7 02 03 12 14 15 43 53 01 23
6 6 04 13 15 32 52 54 01 24
6 6 02 14 15 43 52 53 01 23
6 6 02 04 13 15 32 54 01 24
6 5 05 12 15 23 54 01 34
6 5 02 12 15 43 54 01 23
6 5 05 14 15 32 43 01 25
6 5 03 13 14 32 45 01 25
6 6 01 04 15 23 24 45 02 53
6 6 01 04 15 23 24 45 02 35
6 6 01 04 23 24 35 45 02 51
6 6 01 04 23 24 35 45 02 15
6 6 01 04 15 23 24 35 02 54
6 6 01 04 15 23 24 35 02 45
6 6 01 05 14 23 24 35 02 45
6 5 05 10 23 34 35 12 54
6 5 05 10 23 34 35 12 45
6 5 01 05 23 34 45 02 51
6 5 01 05 23 34 45 02 15
6 5 01 12 25 34 35 03 54
6 5 01 12 25 34 35 03 45
6 5 01 12 15 35 43 04 52
6 5 01 12 15 35 43 04 25
6 5 04 05 32 43 53 01 21
6 5 03 05 14 42 54 01 23
6 7 04 05 12 42 43 52 53 01 23
6 7 04 05 12 13 42 52 53 01 23
6 5 05 32 42 53 54 01 21
6 7 03 04 05 14 15 42 52 01 23
6 5 05 12 42 53 54 01 23
6 7 03 04 05 13 14 42 52 01 23
6 6 03 05 12 13 42 54 01 23
6 6 04 05 14 42 52 53 01 23
6 5 04 05 32 43 53 01 12
6 5 02 05 14 43 54 01 23
6 7 04 05 13 42 43 52 53 01 23
6 7 04 05 12 13 43 52 53 01 23
6 5 05 32 42 53 54 01 12
6 7 02 04 05 14 15 43 53 01 23
6 5 05 13 43 52 54 01 23
6 7 02 04 05 12 14 43 53 01 23
6 6 02 05 12 13 43 54 01 23
6 6 04 05 14 43 52 53 01 23
6 5 05 14 23 52 54 01 34
6 6 02 04 12 15 23 45 01 35
6 5 05 12 34 52 53 01 24
6 6 02 04 13 14 23 45 01 35
6 5 14 15 32 43 53 01 20
6 5 04 13 15 42 54 01 23
6 7 02 14 15 42 43 52 53 01 23
6 7 02 03 14 15 42 52 53 01 23
6 5 15 32 42 53 54 01 20
6 7 04 05 13 14 15 42 52 01 23
6 5 02 15 42 53 54 01 23
6 7 03 04 13 14 15 42 52 01 23
6 6 02 03 13 15 42 54 01 23
6 6 04 14 15 42 52 53 01 23
6 5 14 15 32 43 53 01 02
6 5 04 12 15 43 54 01 23
6 7 03 14 15 42 43 52 53 01 23
6 7 02 03 14 15 43 52 53 01 23
6 5 15 32 42 53 54 01 02
6 7 04 05 12 14 15 43 53 01 23
6 5 03 15 43 52 54 01 23
6 7 02 04 12 14 15 43 53 01 23
6 6 02 03 12 15 43 54 01 23
6 6 04 14 15 43 52 53 01 23
6 5 04 15 23 52 54 01 34
6 6 02 05 12 14 23 45 01 35
6 5 02 15 34 52 53 01 24
6 6 03 04 12 14 23 45 01 35
6 5 04 10 32 34 45 13 52
6 5 04 10 32 34 45 13 25
6 6 04 05 10 25 32 34 13 54
6 6 04 05 10 25 32 34 13 45
6 5 10 14 24 32 45 13 50
6 5 10 14 24 32 45 13 05
6 6 05 10 14 24 25 32 13 54
6 6 05 10 14 24 25 32 13 45
6 8 03 04 05 13 14 15 42 52 01 23
6 8 02 04 05 12 14 15 43 53 01 23
6 6 02 04 12 14 23 45 01 35
6 8 04 05 12 13 42 43 52 53 01 23
6 4 05 32 43 54 01 21
6 5 03 05 15 42 54 01 23
6 5 05 14 42 53 54 01 23
6 6 03 05 13 14 42 54 01 23
6 5 05 12 42 43 54 01 23
6 6 04 05 15 42 52 53 01 23
6 6 05 12 13 42 53 54 01 23
6 7 04 05 13 14 42 52 53 01 23
6 4 05 32 43 54 01 12
6 5 02 05 15 43 54 01 23
6 5 05 14 43 52 54 01 23
6 6 02 05 12 14 43 54 01 23
6 5 05 13 42 43 54 01 23
6 6 04 05 15 43 52 53 01 23
6 6 05 12 13 43 52 54 01 23
6 7 04 05 12 14 43 52 53 01 23
6 8 02 03 14 15 42 43 52 53 01 23
6 4 15 32 43 54 01 20
6 5 05 13 15 42 54 01 23
6 5 04 15 42 53 54 01 23
6 6 03 04 13 15 42 54 01 23
6 5 02 15 42 43 54 01 23
6 6 05 14 15 42 52 53 01 23
6 6 02 03 15 42 53 54 01 23
6 7 03 04 14 15 42 52 53 01 23
6 4 15 32 43 54 01 02
6 5 05 12 15 43 54 01 23
6 5 04 15 43 52 54 01 23
6 6 02 04 12 15 43 54 01 23
6 5 03 15 42 43 54 01 23
6 6 05 14 15 43 52 53 01 23
6 6 02 03 15 43 52 54 01 23
6 7 02 04 14 15 43 52 53 01 23
6 6 04 05 10 24 25 32 13 45
6 6 03 05 13 15 42 54 01 23
6 7 04 05 14 15 42 52 53 01 23
6 6 02 05 12 15 43 54 01 23
6 7 04 05 14 15 43 52 53 01 23
6 6 04 12 13 45 52 53 01 23
6 7 04 05 15 42 43 52 53 01 23
6 6 05 13 14 42 53 54 01 23
6 6 05 12 14 43 52 54 01 23
6 6 02 03 14 45 52 53 01 23
6 7 05 14 15 42 43 52 53 01 23
6 6 03 04 15 42 53 54 01 23
6 6 02 04 15 43 52 54 01 23
6 8 04 05 14 15 42 43 52 53 01 23
6 5 05 15 42 53 54 01 23
6 5 05 15 43 52 54 01 23
6 5 04 15 45 52 53 01 23
6 5 05 14 45 52 53 01 23
6 5 05 15 42 43 54 01 23
6 4 10 32 42 53 154 02
6 4 10 32 42 53 145 02
6 4 10 21 43 53 245 03
6 4 10 20 43 54 125 03
6 4 10 20 31 54 325 04
6 4 10 20 31 54 235 04
6 5 24 25 30 40 50 231 01
6 5 24 25 30 40 50 213 01
6 5 21 25 30 40 50 234 01
6 5 20 34 35 40 50 231 01
6 5 24 25 30 40 50 123 01
6 5 20 31 35 40 50 234 01
6 5 20 34 35 40 50 213 01
6 5 20 34 35 40 50 123 01
6 5 20 30 41 45 50 234 01
6 5 20 30 43 50 51 245 01
6 5 20 30 31 40 54 235 01
6 4 20 32 40 54 135 01
6 4 20 32 40 54 351 01
6 4 20 32 40 54 315 01
6 5 20 32 40 50 51 354 01
6 5 20 32 40 50 51 345 01
6 5 20 21 30 40 53 254 01
6 5 20 21 30 40 53 245 01
6 5 24 25 31 41 51 230 01
6 5 24 25 31 41 51 203 01
6 5 20 25 31 41 51 234 01
6 5 21 34 35 41 51 230 01
6 5 24 25 31 41 51 023 01
6 5 21 30 35 41 51 234 01
6 5 21 34 35 41 51 203 01
6 5 21 34 35 41 51 023 01
6 5 21 31 40 45 51 234 01
6 5 21 31 43 50 51 245 01
6 5 21 30 31 41 54 235 01
6 4 21 32 41 54 035 01
6 4 21 32 41 54 350 01
6 4 21 32 41 54 305 01
6 5 21 32 41 50 51 354 01
6 5 21 32 41 50 51 345 01
6 5 20 21 31 41 53 254 01
6 5 20 21 31 41 53 245 01
6 5 01 32 42 50 52 534 12
6 5 01 32 42 50 52 354 12
6 5 01 32 42 50 52 345 12
6 5 10 32 42 50 53 514 02
6 5 10 32 42 50 53 154 02
6 5 10 32 42 50 53 145 02
6 5 10 20 43 51 53 524 03
6 5 10 20 43 51 53 254 03
6 5 10 20 43 51 53 245 03
6 5 10 20 34 50 53 512 04
6 5 10 20 34 50 53 152 04
6 5 10 20 34 50 53 125 04
6 4 10 32 43 53 145 02
6 4 10 21 31 54 235 04
6 4 25 30 40 54 231 01
6 5 24 25 34 40 50 231 01
6 5 21 25 35 40 50 234 01
6 5 24 25 34 40 50 213 01
6 5 21 25 30 45 50 234 01
6 4 25 30 40 54 213 01
6 5 25 30 40 50 51 234 01
6 6 21 25 30 31 40 50 234 01
6 6 21 25 30 40 41 50 234 01
6 4 20 35 40 54 231 01
6 5 24 34 35 40 50 231 01
6 5 25 31 35 40 50 234 01
6 5 24 25 34 40 50 123 01
6 5 20 31 35 45 50 234 01
6 4 25 30 40 54 123 01
6 5 20 35 40 50 51 234 01
6 6 20 21 31 35 40 50 234 01
6 6 20 31 35 40 41 50 234 01
6 4 20 35 40 54 213 01
6 5 24 34 35 40 50 213 01
6 5 25 30 41 45 50 234 01
6 5 24 34 35 40 50 123 01
6 5 20 35 41 45 50 234 01
6 4 20 35 40 54 123 01
6 5 20 30 45 50 51 234 01
6 6 20 21 30 41 45 50 234 01
6 6 20 30 31 41 45 50 234 01
6 6 20 32 40 41 50 51 345 01
6 5 20 21 30 43 53 245 01
6 5 20 32 42 50 51 345 01
6 6 20 21 30 31 40 54 235 01
6 4 25 31 41 54 230 01
6 5 24 25 34 41 51 230 01
6 5 20 25 35 41 51 234 01
6 5 24 25 34 41 51 203 01
6 5 20 25 31 45 51 234 01
6 4 25 31 41 54 203 01
6 5 25 31 41 50 51 234 01
6 6 20 25 30 31 41 51 234 01
6 6 20 25 31 40 41 51 234 01
6 4 21 35 41 54 230 01
6 5 24 34 35 41 51 230 01
6 5 25 30 35 41 51 234 01
6 5 24 25 34 41 51 023 01
6 5 21 30 35 45 51 234 01
6 4 25 31 41 54 023 01
6 5 21 35 41 50 51 234 01
6 6 20 21 30 35 41 51 234 01
6 6 21 30 35 40 41 51 234 01
6 4 21 35 41 54 203 01
6 5 24 34 35 41 51 203 01
6 5 25 31 40 45 51 234 01
6 5 24 34 35 41 51 023 01
6 5 21 35 40 45 51 234 01
6 4 21 35 41 54 023 01
6 5 21 31 45 50 51 234 01
6 6 20 21 31 40 45 51 234 01
6 6 21 30 31 40 45 51 234 01
6 6 21 32 40 41 50 51 345 01
6 5 20 21 31 43 53 245 01
6 5 21 32 42 50 51 345 01
6 6 20 21 30 31 41 54 235 01
6 5 10 32 40 42 54 513 02
6 5 10 32 40 42 54 153 02
6 5 10 32 40 42 54 135 02
6 6 10 32 40 42 51 52 543 02
6 6 10 32 40 42 51 52 453 02
6 6 10 32 40 42 51 52 435 02
6 6 10 32 40 42 50 53 541 02
6 6 10 32 40 42 50 53 451 02
6 6 10 32 40 42 50 53 415 02
6 6 10 32 40 42 51 52 534 02
6 6 10 32 40 42 51 52 354 02
6 6 10 32 40 42 51 52 345 02
6 6 10 32 40 42 50 53 514 02
6 6 10 32 40 42 50 53 154 02
6 6 10 32 40 42 50 53 145 02
6 5 10 32 43 50 53 514 02
6 5 10 32 43 50 53 154 02
6 5 10 32 43 50 53 145 02
6 5 10 21 43 51 53 524 03
6 5 10 21 43 51 53 254 03
6 5 10 21 43 51 53 245 03
6 6 24 25 34 35 40 50 231 01
6 6 21 25 31 35 40 50 234 01
6 6 24 25 34 35 40 50 213 01
6 6 21 25 30 41 45 50 234 01
6 6 24 25 34 35 40 50 123 01
6 6 20 31 35 41 45 50 234 01
6 4 25 34 40 54 231 01
6 4 25 34 40 54 213 01
6 5 21 25 35 45 50 234 01
6 6 25 30 31 40 50 51 234 01
6 6 25 30 40 41 50 51 234 01
6 7 21 25 30 31 40 41 50 234 01
6 6 21 25 35 40 41 50 234 01
6 6 21 25 30 31 45 50 234 01
6 4 24 35 40 54 231 01
6 4 25 34 40 54 123 01
6 5 25 31 35 45 50 234 01
6 6 20 21 35 40 50 51 234 01
6 6 20 35 40 41 50 51 234 01
6 7 20 21 31 35 40 41 50 234 01
6 6 25 31 35 40 41 50 234 01
6 6 20 21 31 35 45 50 234 01
6 4 24 35 40 54 213 01
6 4 24 35 40 54 123 01
6 5 25 35 41 45 50 234 01
6 6 20 21 30 45 50 51 234 01
6 6 20 30 31 45 50 51 234 01
6 7 20 21 30 31 41 45 50 234 01
6 6 25 30 31 41 45 50 234 01
6 6 20 21 35 41 45 50 234 01
6 6 24 25 34 35 41 51 230 01
6 6 20 25 30 35 41 51 234 01
6 6 24 25 34 35 41 51 203 01
6 6 20 25 31 40 45 51 234 01
6 6 24 25 34 35 41 51 023 01
6 6 21 30 35 40 45 51 234 01
6 4 25 34 41 54 230 01
6 4 25 34 41 54 203 01
6 5 20 25 35 45 51 234 01
6 6 25 30 31 41 50 51 234 01
6 6 25 31 40 41 50 51 234 01
6 7 20 25 30 31 40 41 51 234 01
6 6 20 25 35 40 41 51 234 01
6 6 20 25 30 31 45 51 234 01
6 4 24 35 41 54 230 01
6 4 25 34 41 54 023 01
6 5 25 30 35 45 51 234 01
6 6 20 21 35 41 50 51 234 01
6 6 21 35 40 41 50 51 234 01
6 7 20 21 30 35 40 41 51 234 01
6 6 25 30 35 40 41 51 234 01
6 6 20 21 30 35 45 51 234 01
6 4 24 35 41 54 203 01
6 4 24 35 41 54 023 01
6 5 25 35 40 45 51 234 01
6 6 20 21 31 45 50 51 234 01
6 6 21 30 31 45 50 51 234 01
6 7 20 21 30 31 40 45 51 234 01
6 6 25 30 31 40 45 51 234 01
6 6 20 21 35 40 45 51 234 01
6 6 01 23 40 43 50 53 452 13
6 6 01 23 40 43 50 53 425 13
6 6 01 23 40 43 50 53 245 13
6 6 01 23 41 42 51 52 450 13
6 6 01 23 41 42 51 52 405 13
6 6 01 23 41 42 51 52 045 13
6 7 20 21 30 31 40 41 52 534 01
6 7 20 21 30 31 40 41 52 354 01
6 7 20 21 30 31 40 41 52 345 01
6 4 24 34 45 50 231 01
6 5 25 35 40 50 51 234 01
6 6 21 25 31 35 45 50 234 01
6 7 21 25 31 35 40 41 50 234 01
6 4 24 34 45 50 213 01
6 5 25 30 45 50 51 234 01
6 6 21 25 35 41 45 50 234 01
6 7 21 25 30 31 41 45 50 234 01
6 4 24 34 45 50 123 01
6 5 20 35 45 50 51 234 01
6 6 25 31 35 41 45 50 234 01
6 7 20 21 31 35 41 45 50 234 01
6 4 24 34 45 51 230 01
6 5 25 35 41 50 51 234 01
6 6 20 25 30 35 45 51 234 01
6 7 20 25 30 35 40 41 51 234 01
6 4 24 34 45 51 203 01
6 5 25 31 45 50 51 234 01
6 6 20 25 35 40 45 51 234 01
6 7 20 25 30 31 40 45 51 234 01
6 4 24 34 45 51 023 01
6 5 21 35 45 50 51 234 01
6 6 25 30 35 40 45 51 234 01
6 7 20 21 30 35 40 45 51 234 01
6 6 20 21 30 31 42 52 453 01
6 6 20 21 30 31 42 52 435 01
6 6 20 21 30 31 42 52 345 01
6 7 21 25 31 35 41 45 50 234 01
6 7 20 25 30 35 40 45 51 234 01
6 5 20 21 32 42 52 345 01
6 4 10 32 42 52 1345 02
6 4 10 20 43 53 1245 03
6 4 10 20 30 54 1235 04
6 4 25 30 40 50 2341 01
6 4 25 30 40 50 2314 01
6 4 25 30 40 50 2134 01
6 5 20 21 30 40 50 2345 01
6 4 20 35 40 50 2341 01
6 4 20 35 40 50 2314 01
6 4 25 30 40 50 1234 01
6 5 20 30 31 40 50 2345 01
6 4 20 30 45 50 2341 01
6 4 20 35 40 50 2134 01
6 4 20 35 40 50 1234 01
6 5 20 30 40 41 50 2345 01
6 4 20 30 45 50 2314 01
6 4 20 30 45 50 2134 01
6 4 20 30 45 50 1234 01
6 5 20 30 40 50 51 2345 01
6 4 25 31 41 51 2340 01
6 4 25 31 41 51 2304 01
6 4 25 31 41 51 2034 01
6 5 20 21 31 41 51 2345 01
6 4 21 35 41 51 2340 01
6 4 21 35 41 51 2304 01
6 4 25 31 41 51 0234 01
6 5 21 30 31 41 51 2345 01
6 4 21 31 45 51 2340 01
6 4 21 35 41 51 2034 01
6 4 21 35 41 51 0234 01
6 5 21 31 40 41 51 2345 01
6 4 21 31 45 51 2304 01
6 4 21 31 45 51 2034 01
6 4 21 31 45 51 0234 01
6 5 21 31 41 50 51 2345 01
6 5 01 32 42 51 52 5034 12
6 5 01 32 42 51 52 0534 12
6 5 01 32 42 51 52 0354 12
6 5 01 32 42 51 52 0345 12
6 5 10 20 34 50 54 5123 04
6 5 10 20 34 50 54 1523 04
6 5 10 20 34 50 54 1253 04
6 5 10 20 34 50 54 1235 04
6 4 25 35 40 50 2341 01
6 4 25 35 40 50 2314 01
6 6 20 21 30 31 40 50 2345 01
6 4 25 30 45 50 2341 01
6 4 25 35 40 50 2134 01
6 6 20 21 30 40 41 50 2345 01
6 4 25 30 45 50 2314 01
6 4 25 30 45 50 2134 01
6 6 20 21 30 40 50 51 2345 01
6 4 20 35 45 50 2341 01
6 4 25 35 40 50 1234 01
6 6 20 30 31 40 41 50 2345 01
6 4 20 35 45 50 2314 01
6 4 25 30 45 50 1234 01
6 6 20 30 31 40 50 51 2345 01
6 4 20 35 45 50 2134 01
6 4 20 35 45 50 1234 01
6 6 20 30 40 41 50 51 2345 01
6 4 25 35 41 51 2340 01
6 4 25 35 41 51 2304 01
6 6 20 21 30 31 41 51 2345 01
6 4 25 31 45 51 2340 01
6 4 25 35 41 51 2034 01
6 6 20 21 31 40 41 51 2345 01
6 4 25 31 45 51 2304 01
6 4 25 31 45 51 2034 01
6 6 20 21 31 41 50 51 2345 01
6 4 21 35 45 51 2340 01
6 4 25 35 41 51 0234 01
6 6 21 30 31 40 41 51 2345 01
6 4 21 35 45 51 2304 01
6 4 25 31 45 51 0234 01
6 6 21 30 31 41 50 51 2345 01
6 4 21 35 45 51 2034 01
6 4 21 35 45 51 0234 01
6 6 21 31 40 41 50 51 2345 01
6 6 10 32 40 42 50 52 4513 02
6 6 10 32 40 42 50 52 4153 02
6 6 10 32 40 42 50 52 4135 02
6 6 10 32 40 42 50 52 1453 02
6 6 10 32 40 42 50 52 1435 02
6 6 10 32 40 42 50 52 1345 02
6 4 25 35 45 50 2341 01
6 7 20 21 30 31 40 41 50 2345 01
6 4 25 35 45 50 2314 01
6 7 20 21 30 31 40 50 51 2345 01
6 4 25 35 45 50 2134 01
6 7 20 21 30 40 41 50 51 2345 01
6 4 25 35 45 50 1234 01
6 7 20 30 31 40 41 50 51 2345 01
6 4 25 35 45 51 2340 01
6 7 20 21 30 31 40 41 51 2345 01
6 4 25 35 45 51 2304 01
6 7 20 21 30 31 41 50 51 2345 01
6 4 25 35 45 51 2034 01
6 7 20 21 31 40 41 50 51 2345 01
6 4 25 35 45 51 0234 01
6 7 21 30 31 40 41 50 51 2345 01
6 8 20 21 30 31 40 41 50 51 2345 01
6 4 20 30 40 50 23451 01
6 4 20 30 40 50 23415 01
6 4 20 30 40 50 23145 01
6 4 20 30 40 50 21345 01
6 4 20 30 40 50 12345 01
6 4 21 31 41 51 23450 01
6 4 21 31 41 51 23405 01
6 4 21 31 41 51 23045 01
6 4 21 31 41 51 20345 01
6 4 21 31 41 51 02345 01
6 6 02 03 04 05 41 51 0 123
6 6 01 03 04 05 42 52 0 123
6 6 01 02 04 05 43 53 0 123
6 5 01 02 04 23 45 0 135
6 5 01 03 04 12 35 0 254
6 5 01 03 04 12 35 0 245
6 5 02 03 05 41 54 0 123
6 6 03 04 05 41 51 52 0 123
6 6 02 04 05 41 51 53 0 123
6 5 01 03 05 42 54 0 123
6 6 03 04 05 42 51 52 0 123
6 6 01 04 05 42 52 53 0 123
6 5 01 02 05 43 54 0 123
6 6 02 04 05 43 51 53 0 123
6 6 01 04 05 43 52 53 0 123
6 5 01 03 12 34 35 0 245
6 5 01 04 12 13 45 0 235
6 7 03 04 05 41 42 51 52 0 123
6 7 02 04 05 41 43 51 53 0 123
6 7 01 04 05 42 43 52 53 0 123
6 5 03 05 41 52 54 0 123
6 5 02 05 41 53 54 0 123
6 6 04 05 41 51 52 53 0 123
6 6 04 05 41 42 51 53 0 123
6 5 03 05 42 51 54 0 123
6 5 01 05 42 53 54 0 123
6 6 04 05 42 51 52 53 0 123
6 6 04 05 41 42 52 53 0 123
6 5 02 05 43 51 54 0 123
6 5 01 05 43 52 54 0 123
6 6 04 05 43 51 52 53 0 123
6 6 04 05 41 43 52 53 0 123
6 5 03 05 41 42 54 0 123
6 7 04 05 41 42 51 52 53 0 123
6 5 02 05 41 43 54 0 123
6 7 04 05 41 43 51 52 53 0 123
6 5 01 05 42 43 54 0 123
6 7 04 05 42 43 51 52 53 0 123
6 5 05 41 52 53 54 0 123
6 5 05 42 51 53 54 0 123
6 5 05 43 51 52 54 0 123
6 8 04 05 41 42 43 51 52 53 0 123
6 5 05 41 42 53 54 0 123
6 5 05 41 43 52 54 0 123
6 5 05 42 43 51 54 0 123
6 5 05 41 42 43 54 0 123
6 4 01 23 24 35 02 154
6 4 01 23 24 35 02 145
6 4 01 12 34 35 03 245
6 4 01 02 34 45 03 125
6 4 01 02 13 45 04 325
6 4 01 02 13 45 04 235
6 5 03 04 05 42 52 01 231
6 5 03 04 05 42 52 01 213
6 5 03 04 05 12 52 01 234
6 5 02 04 05 43 53 01 231
6 5 03 04 05 42 52 01 123
6 5 02 04 05 13 53 01 234
6 5 02 04 05 43 53 01 213
6 5 02 04 05 43 53 01 123
6 5 02 03 05 14 54 01 234
6 5 02 03 05 15 34 01 245
6 5 02 03 04 13 45 01 235
6 4 02 04 23 45 01 135
6 4 02 04 23 45 01 351
6 4 02 04 23 45 01 315
6 5 02 04 05 15 23 01 354
6 5 02 04 05 15 23 01 345
6 5 02 03 04 12 35 01 254
6 5 02 03 04 12 35 01 245
6 5 13 14 15 42 52 01 230
6 5 13 14 15 42 52 01 203
6 5 02 13 14 15 52 01 234
6 5 12 14 15 43 53 01 230
6 5 13 14 15 42 52 01 023
6 5 03 12 14 15 53 01 234
6 5 12 14 15 43 53 01 203
6 5 12 14 15 43 53 01 023
6 5 04 12 13 15 54 01 234
6 5 05 12 13 15 34 01 245
6 5 03 12 13 14 45 01 235
6 4 12 14 23 45 01 035
6 4 12 14 23 45 01 350
6 4 12 14 23 45 01 305
6 5 05 12 14 15 23 01 354
6 5 05 12 14 15 23 01 345
6 5 02 12 13 14 35 01 254
6 5 02 12 13 14 35 01 245
6 5 05 10 23 24 25 12 534
6 5 05 10 23 24 25 12 354
6 5 05 10 23 24 25 12 345
6 5 01 05 23 24 35 02 514
6 5 01 05 23 24 35 02 154
6 5 01 05 23 24 35 02 145
6 5 01 02 15 34 35 03 524
6 5 01 02 15 34 35 03 254
6 5 01 02 15 34 35 03 245
6 5 01 02 05 35 43 04 512
6 5 01 02 05 35 43 04 152
6 5 01 02 05 35 43 04 125
6 4 01 23 34 35 02 145
6 4 01 12 13 45 04 235
6 4 03 04 45 52 01 231
6 5 04 05 42 43 52 01 231
6 5 04 05 12 52 53 01 234
6 5 04 05 42 43 52 01 213
6 5 03 05 12 52 54 01 234
6 4 03 04 45 52 01 213
6 5 03 04 05 15 52 01 234
6 6 03 04 05 12 13 52 01 234
6 6 03 04 05 12 14 52 01 234
6 4 02 04 45 53 01 231
6 5 04 05 42 43 53 01 231
6 5 04 05 13 52 53 01 234
6 5 04 05 42 43 52 01 123
6 5 02 05 13 53 54 01 234
6 4 03 04 45 52 01 123
6 5 02 04 05 15 53 01 234
6 6 02 04 05 12 13 53 01 234
6 6 02 04 05 13 14 53 01 234
6 4 02 04 45 53 01 213
6 5 04 05 42 43 53 01 213
6 5 03 05 14 52 54 01 234
6 5 04 05 42 43 53 01 123
6 5 02 05 14 53 54 01 234
6 4 02 04 45 53 01 123
6 5 02 03 05 15 54 01 234
6 6 02 03 05 12 14 54 01 234
6 6 02 03 05 13 14 54 01 234
6 6 02 04 05 14 15 23 01 345
6 5 02 03 12 34 35 01 245
6 5 02 05 15 23 24 01 345
6 6 02 03 04 12 13 45 01 235
6 4 13 14 45 52 01 230
6 5 14 15 42 43 52 01 230
6 5 02 14 15 52 53 01 234
6 5 14 15 42 43 52 01 203
6 5 02 13 15 52 54 01 234
6 4 13 14 45 52 01 203
6 5 05 13 14 15 52 01 234
6 6 02 03 13 14 15 52 01 234
6 6 02 04 13 14 15 52 01 234
6 4 12 14 45 53 01 230
6 5 14 15 42 43 53 01 230
6 5 03 14 15 52 53 01 234
6 5 14 15 42 43 52 01 023
6 5 03 12 15 53 54 01 234
6 4 13 14 45 52 01 023
6 5 05 12 14 15 53 01 234
6 6 02 03 12 14 15 53 01 234
6 6 03 04 12 14 15 53 01 234
6 4 12 14 45 53 01 203
6 5 14 15 42 43 53 01 203
6 5 04 13 15 52 54 01 234
6 5 14 15 42 43 53 01 023
6 5 04 12 15 53 54 01 234
6 4 12 14 45 53 01 023
6 5 05 12 13 15 54 01 234
6 6 02 04 12 13 15 54 01 234
6 6 03 04 12 13 15 54 01 234
6 6 04 05 12 14 15 23 01 345
6 5 02 12 13 34 35 01 245
6 5 05 12 15 23 24 01 345
6 6 02 03 12 13 14 45 01 235
6 5 01 04 23 24 45 02 513
6 5 01 04 23 24 45 02 153
6 5 01 04 23 24 45 02 135
6 6 01 04 15 23 24 25 02 543
6 6 01 04 15 23 24 25 02 453
6 6 01 04 15 23 24 25 02 435
6 6 01 04 05 23 24 35 02 541
6 6 01 04 05 23 24 35 02 451
6 6 01 04 05 23 24 35 02 415
6 6 01 04 15 23 24 25 02 534
6 6 01 04 15 23 24 25 02 354
6 6 01 04 15 23 24 25 02 345
6 6 01 04 05 23 24 35 02 514
6 6 01 04 05 23 24 35 02 154
6 6 01 04 05 23 24 35 02 145
6 5 01 05 23 34 35 02 514
6 5 01 05 23 34 35 02 154
6 5 01 05 23 34 35 02 145
6 5 01 12 15 34 35 03 524
6 5 01 12 15 34 35 03 254
6 5 01 12 15 34 35 03 245
6 6 04 05 42 43 52 53 01 231
6 6 04 05 12 13 52 53 01 234
6 6 04 05 42 43 52 53 01 213
6 6 03 05 12 14 52 54 01 234
6 6 04 05 42 43 52 53 01 123
6 6 02 05 13 14 53 54 01 234
6 4 04 43 45 52 01 231
6 4 04 43 45 52 01 213
6 5 05 12 52 53 54 01 234
6 6 03 04 05 13 15 52 01 234
6 6 03 04 05 14 15 52 01 234
6 7 03 04 05 12 13 14 52 01 234
6 6 04 05 12 14 52 53 01 234
6 6 03 05 12 13 52 54 01 234
6 4 04 42 45 53 01 231
6 4 04 43 45 52 01 123
6 5 05 13 52 53 54 01 234
6 6 02 04 05 12 15 53 01 234
6 6 02 04 05 14 15 53 01 234
6 7 02 04 05 12 13 14 53 01 234
6 6 04 05 13 14 52 53 01 234
6 6 02 05 12 13 53 54 01 234
6 4 04 42 45 53 01 213
6 4 04 42 45 53 01 123
6 5 05 14 52 53 54 01 234
6 6 02 03 05 12 15 54 01 234
6 6 02 03 05 13 15 54 01 234
6 7 02 03 05 12 13 14 54 01 234
6 6 03 05 13 14 52 54 01 234
6 6 02 05 12 14 53 54 01 234
6 6 14 15 42 43 52 53 01 230
6 6 02 03 14 15 52 53 01 234
6 6 14 15 42 43 52 53 01 203
6 6 02 04 13 15 52 54 01 234
6 6 14 15 42 43 52 53 01 023
6 6 03 04 12 15 53 54 01 234
6 4 14 43 45 52 01 230
6 4 14 43 45 52 01 203
6 5 02 15 52 53 54 01 234
6 6 03 05 13 14 15 52 01 234
6 6 04 05 13 14 15 52 01 234
6 7 02 03 04 13 14 15 52 01 234
6 6 02 04 14 15 52 53 01 234
6 6 02 03 13 15 52 54 01 234
6 4 14 42 45 53 01 230
6 4 14 43 45 52 01 023
6 5 03 15 52 53 54 01 234
6 6 02 05 12 14 15 53 01 234
6 6 04 05 12 14 15 53 01 234
6 7 02 03 04 12 14 15 53 01 234
6 6 03 04 14 15 52 53 01 234
6 6 02 03 12 15 53 54 01 234
6 4 14 42 45 53 01 203
6 4 14 42 45 53 01 023
6 5 04 15 52 53 54 01 234
6 6 02 05 12 13 15 54 01 234
6 6 03 05 12 13 15 54 01 234
6 7 02 03 04 12 13 15 54 01 234
6 6 03 04 13 15 52 54 01 234
6 6 02 04 12 15 53 54 01 234
6 6 04 05 10 32 34 35 13 452
6 6 04 05 10 32 34 35 13 425
6 6 04 05 10 32 34 35 13 245
6 6 10 14 15 24 25 32 13 450
6 6 10 14 15 24 25 32 13 405
6 6 10 14 15 24 25 32 13 045
6 7 02 03 04 12 13 14 25 01 534
6 7 02 03 04 12 13 14 25 01 354
6 7 02 03 04 12 13 14 25 01 345
6 4 05 42 43 54 01 231
6 5 04 05 15 52 53 01 234
6 6 05 12 13 52 53 54 01 234
6 7 04 05 12 13 14 52 53 01 234
6 4 05 42 43 54 01 213
6 5 03 05 15 52 54 01 234
6 6 05 12 14 52 53 54 01 234
6 7 03 05 12 13 14 52 54 01 234
6 4 05 42 43 54 01 123
6 5 02 05 15 53 54 01 234
6 6 05 13 14 52 53 54 01 234
6 7 02 05 12 13 14 53 54 01 234
6 4 15 42 43 54 01 230
6 5 05 14 15 52 53 01 234
6 6 02 03 15 52 53 54 01 234
6 7 02 03 04 14 15 52 53 01 234
6 4 15 42 43 54 01 203
6 5 05 13 15 52 54 01 234
6 6 02 04 15 52 53 54 01 234
6 7 02 03 04 13 15 52 54 01 234
6 4 15 42 43 54 01 023
6 5 05 12 15 53 54 01 234
6 6 03 04 15 52 53 54 01 234
6 7 02 03 04 12 15 53 54 01 234
6 6 02 03 12 13 24 25 01 453
6 6 02 03 12 13 24 25 01 435
6 6 02 03 12 13 24 25 01 345
6 7 05 12 13 14 52 53 54 01 234
6 7 02 03 04 15 52 53 54 01 234
6 5 02 12 23 24 25 01 345
6 3 01 23 45 024 135
6 3 12 34 45 013 025
6 3 12 23 45 014 035
6 3 01 24 45 023 153
6 3 01 24 45 023 135
6 4 01 24 25 35 023 154
6 4 01 24 25 35 023 145
6 3 01 34 45 023 152
6 3 01 34 45 023 125
6 4 01 25 34 35 023 154
6 4 01 25 34 35 023 145
6 3 01 12 35 034 254
6 3 01 12 35 034 245
6 3 01 12 45 034 253
6 3 01 12 45 034 235
6 4 01 02 43 53 045 123
6 4 10 20 34 35 123 045
6 3 02 34 45 013 125
6 3 12 34 45 013 205
6 3 02 23 45 014 135
6 4 02 03 13 45 014 325
6 4 02 03 13 45 014 235
6 3 12 23 45 014 305
6 4 03 12 13 45 014 325
6 4 03 12 13 45 014 235
6 4 04 05 43 53 012 312
6 4 04 05 13 53 012 342
6 4 04 05 13 53 012 324
6 4 04 05 23 53 012 341
6 4 04 05 23 53 012 314
6 5 03 04 05 13 23 012 345
6 4 04 05 43 53 012 132
6 4 03 05 14 54 012 342
6 4 04 05 13 53 012 234
6 4 03 05 24 54 012 341
6 4 04 05 23 53 012 134
6 5 03 04 05 14 24 012 345
6 4 04 05 43 53 012 123
6 4 03 05 14 54 012 324
6 4 03 05 14 54 012 234
6 4 03 05 24 54 012 314
6 4 03 05 24 54 012 134
6 5 03 04 05 15 25 012 345
6 5 03 04 05 14 25 012 345
6 4 03 05 25 34 012 145
6 4 03 04 23 45 012 135
6 4 03 05 15 34 012 452
6 4 03 05 25 34 012 451
6 4 03 05 15 34 012 425
6 4 03 05 25 34 012 415
6 4 03 04 13 45 012 352
6 4 03 04 13 45 012 325
6 5 03 04 05 13 25 012 354
6 5 03 04 05 13 25 012 345
6 4 03 04 23 45 012 315
6 4 03 04 13 45 012 235
6 4 14 15 43 53 012 302
6 4 03 14 15 53 012 342
6 4 03 14 15 53 012 324
6 4 14 15 23 53 012 340
6 4 14 15 23 53 012 304
6 5 03 13 14 15 23 012 345
6 4 14 15 43 53 012 032
6 4 04 13 15 54 012 342
6 4 03 14 15 53 012 234
6 4 13 15 24 54 012 340
6 4 14 15 23 53 012 034
6 5 04 13 14 15 24 012 345
6 4 14 15 43 53 012 023
6 4 04 13 15 54 012 324
6 4 04 13 15 54 012 234
6 4 13 15 24 54 012 304
6 4 13 15 24 54 012 034
6 5 05 13 14 15 25 012 345
6 5 04 13 14 15 25 012 345
6 4 13 15 25 34 012 045
6 4 13 14 23 45 012 035
6 4 05 13 15 34 012 452
6 4 13 15 25 34 012 450
6 4 05 13 15 34 012 425
6 4 13 15 25 34 012 405
6 4 03 13 14 45 012 352
6 4 03 13 14 45 012 325
6 5 03 13 14 15 25 012 354
6 5 03 13 14 15 25 012 345
6 4 13 14 23 45 012 305
6 4 03 13 14 45 012 235
6 4 24 25 43 53 012 301
6 4 03 24 25 53 012 341
6 4 03 24 25 53 012 314
6 4 13 24 25 53 012 340
6 4 13 24 25 53 012 304
6 5 03 13 23 24 25 012 345
6 4 24 25 43 53 012 031
6 4 04 23 25 54 012 341
6 4 03 24 25 53 012 134
6 4 14 23 25 54 012 340
6 4 13 24 25 53 012 034
6 5 04 14 23 24 25 012 345
6 4 24 25 43 53 012 013
6 4 04 23 25 54 012 314
6 4 04 23 25 54 012 134
6 4 14 23 25 54 012 304
6 4 14 23 25 54 012 034
6 5 05 15 23 24 25 012 345
6 5 04 15 23 24 25 012 345
6 4 15 23 25 34 012 045
6 4 13 23 24 45 012 035
6 4 05 23 25 34 012 451
6 4 15 23 25 34 012 450
6 4 05 23 25 34 012 415
6 4 15 23 25 34 012 405
6 4 03 23 24 45 012 351
6 4 03 23 24 45 012 315
6 5 03 15 23 24 25 012 354
6 5 03 15 23 24 25 012 345
6 4 13 23 24 45 012 305
6 4 03 23 24 45 012 135
6 5 05 12 15 34 35 013 524
6 5 05 12 15 34 35 013 254
6 5 05 12 15 34 35 013 245
6 4 15 21 43 45 024 503
6 4 15 21 43 45 024 053
6 4 15 21 43 45 024 035
6 4 21 25 35 43 024 501
6 4 21 25 35 43 024 051
6 4 21 25 35 43 024 015
6 4 05 10 24 25 123 543
6 4 05 10 24 25 123 453
6 4 05 10 24 25 123 435
6 4 05 10 24 25 123 534
6 4 05 10 24 25 123 354
6 4 05 10 24 25 123 345
6 4 05 10 34 35 123 542
6 4 05 10 34 35 123 452
6 4 05 10 34 35 123 425
6 4 05 10 34 35 123 524
6 4 05 10 34 35 123 254
6 4 05 10 34 35 123 245
6 4 01 05 25 42 043 513
6 4 01 05 25 42 043 153
6 4 01 05 25 42 043 135
6 4 01 05 25 42 034 513
6 4 01 05 25 42 034 153
6 4 01 05 25 42 034 135
6 5 01 05 25 43 45 042 513
6 5 01 05 25 43 45 042 153
6 5 01 05 25 43 45 042 135
6 5 01 05 25 43 45 024 513
6 5 01 05 25 43 45 024 153
6 5 01 05 25 43 45 024 135
6 4 02 05 35 43 014 512
6 4 02 05 35 43 014 152
6 4 02 05 35 43 014 125
6 4 12 15 35 43 014 520
6 4 12 15 35 43 014 250
6 4 12 15 35 43 014 205
6 5 01 24 25 34 35 023 145
6 5 02 03 12 13 45 014 235
6 3 05 43 54 012 312
6 4 04 05 15 53 012 342
6 4 04 05 15 53 012 324
6 4 04 05 25 53 012 341
6 4 04 05 25 53 012 314
6 4 05 13 53 54 012 342
6 5 04 05 13 14 53 012 342
6 6 03 04 05 13 14 23 012 345
6 5 04 05 23 24 53 012 341
6 6 03 04 05 13 23 24 012 345
6 4 05 13 53 54 012 324
6 5 04 05 13 14 53 012 324
6 6 03 04 05 13 15 23 012 345
6 5 04 05 23 24 53 012 314
6 6 03 04 05 13 23 25 012 345
6 4 05 23 53 54 012 341
6 4 05 23 53 54 012 314
6 3 05 43 54 012 132
6 4 03 05 15 54 012 342
6 4 04 05 15 53 012 234
6 4 03 05 25 54 012 341
6 4 04 05 25 53 012 134
6 4 05 14 53 54 012 342
6 5 03 05 13 14 54 012 342
6 6 03 04 05 13 14 24 012 345
6 5 03 05 23 24 54 012 341
6 6 03 04 05 14 23 24 012 345
6 4 05 13 53 54 012 234
6 5 04 05 13 14 53 012 234
6 6 03 04 05 14 15 24 012 345
6 5 04 05 23 24 53 012 134
6 6 03 04 05 14 24 25 012 345
6 4 05 24 53 54 012 341
6 4 05 23 53 54 012 134
6 3 05 43 54 012 123
6 4 03 05 15 54 012 324
6 4 03 05 15 54 012 234
6 4 03 05 25 54 012 314
6 4 03 05 25 54 012 134
6 4 05 14 53 54 012 324
6 5 03 05 13 14 54 012 324
6 6 03 04 05 13 15 25 012 345
6 5 03 05 23 24 54 012 314
6 6 03 04 05 15 23 25 012 345
6 4 05 14 53 54 012 234
6 5 03 05 13 14 54 012 234
6 6 03 04 05 14 15 25 012 345
6 5 03 05 23 24 54 012 134
6 6 03 04 05 15 24 25 012 345
6 4 05 24 53 54 012 314
6 4 05 24 53 54 012 134
6 6 03 04 05 13 24 25 012 345
6 6 03 04 05 13 14 25 012 345
6 3 15 43 54 012 302
6 4 05 14 15 53 012 342
6 4 05 14 15 53 012 324
6 4 14 15 25 53 012 340
6 4 14 15 25 53 012 304
6 4 03 15 53 54 012 342
6 5 03 04 14 15 53 012 342
6 6 03 04 13 14 15 23 012 345
6 5 14 15 23 24 53 012 340
6 6 03 13 14 15 23 24 012 345
6 4 03 15 53 54 012 324
6 5 03 04 14 15 53 012 324
6 6 03 05 13 14 15 23 012 345
6 5 14 15 23 24 53 012 304
6 6 03 13 14 15 23 25 012 345
6 4 15 23 53 54 012 340
6 4 15 23 53 54 012 304
6 3 15 43 54 012 032
6 4 05 13 15 54 012 342
6 4 05 14 15 53 012 234
6 4 13 15 25 54 012 340
6 4 14 15 25 53 012 034
6 4 04 15 53 54 012 342
6 5 03 04 13 15 54 012 342
6 6 03 04 13 14 15 24 012 345
6 5 13 15 23 24 54 012 340
6 6 04 13 14 15 23 24 012 345
6 4 03 15 53 54 012 234
6 5 03 04 14 15 53 012 234
6 6 04 05 13 14 15 24 012 345
6 5 14 15 23 24 53 012 034
6 6 04 13 14 15 24 25 012 345
6 4 15 24 53 54 012 340
6 4 15 23 53 54 012 034
6 3 15 43 54 012 023
6 4 05 13 15 54 012 324
6 4 05 13 15 54 012 234
6 4 13 15 25 54 012 304
6 4 13 15 25 54 012 034
6 4 04 15 53 54 012 324
6 5 03 04 13 15 54 012 324
6 6 03 05 13 14 15 25 012 345
6 5 13 15 23 24 54 012 304
6 6 05 13 14 15 23 25 012 345
6 4 04 15 53 54 012 234
6 5 03 04 13 15 54 012 234
6 6 04 05 13 14 15 25 012 345
6 5 13 15 23 24 54 012 034
6 6 05 13 14 15 24 25 012 345
6 4 15 24 53 54 012 304
6 4 15 24 53 54 012 034
6 6 03 13 14 15 24 25 012 345
6 6 03 04 13 14 15 25 012 345
6 3 25 43 54 012 301
6 4 05 24 25 53 012 341
6 4 05 24 25 53 012 314
6 4 15 24 25 53 012 340
6 4 15 24 25 53 012 304
6 4 03 25 53 54 012 341
6 5 03 04 24 25 53 012 341
6 6 03 04 13 23 24 25 012 345
6 5 13 14 24 25 53 012 340
6 6 03 13 14 23 24 25 012 345
6 4 03 25 53 54 012 314
6 5 03 04 24 25 53 012 314
6 6 03 05 13 23 24 25 012 345
6 5 13 14 24 25 53 012 304
6 6 03 13 15 23 24 25 012 345
6 4 13 25 53 54 012 340
6 4 13 25 53 54 012 304
6 3 25 43 54 012 031
6 4 05 23 25 54 012 341
6 4 05 24 25 53 012 134
6 4 15 23 25 54 012 340
6 4 15 24 25 53 012 034
6 4 04 25 53 54 012 341
6 5 03 04 23 25 54 012 341
6 6 03 04 14 23 24 25 012 345
6 5 13 14 23 25 54 012 340
6 6 04 13 14 23 24 25 012 345
6 4 03 25 53 54 012 134
6 5 03 04 24 25 53 012 134
6 6 04 05 14 23 24 25 012 345
6 5 13 14 24 25 53 012 034
6 6 04 14 15 23 24 25 012 345
6 4 14 25 53 54 012 340
6 4 13 25 53 54 012 034
6 3 25 43 54 012 013
6 4 05 23 25 54 012 314
6 4 05 23 25 54 012 134
6 4 15 23 25 54 012 304
6 4 15 23 25 54 012 034
6 4 04 25 53 54 012 314
6 5 03 04 23 25 54 012 314
6 6 03 05 15 23 24 25 012 345
6 5 13 14 23 25 54 012 304
6 6 05 13 15 23 24 25 012 345
6 4 04 25 53 54 012 134
6 5 03 04 23 25 54 012 134
6 6 04 05 15 23 24 25 012 345
6 5 13 14 23 25 54 012 034
6 6 05 14 15 23 24 25 012 345
6 4 14 25 53 54 012 304
6 4 14 25 53 54 012 034
6 6 03 14 15 23 24 25 012 345
6 6 03 04 15 23 24 25 012 345
6 6 01 05 32 35 42 45 034 512
6 6 01 05 32 35 42 45 034 152
6 6 01 05 32 35 42 45 034 125
6 6 10 15 20 25 34 35 123 504
6 6 10 15 20 25 34 35 123 054
6 6 10 15 20 25 34 35 123 045
6 5 03 04 13 14 35 012 542
6 5 03 04 13 14 35 012 452
6 5 03 04 13 14 35 012 425
6 5 03 04 13 14 35 012 524
6 5 03 04 13 14 35 012 254
6 5 03 04 13 14 35 012 245
6 7 03 04 05 13 14 15 25 012 534
6 7 03 04 05 13 14 15 25 012 354
6 7 03 04 05 13 14 15 25 012 345
6 5 03 04 23 24 35 012 541
6 5 03 04 23 24 35 012 451
6 5 03 04 23 24 35 012 415
6 5 03 04 23 24 35 012 514
6 5 03 04 23 24 35 012 154
6 5 03 04 23 24 35 012 145
6 7 03 04 05 15 23 24 25 012 534
6 7 03 04 05 15 23 24 25 012 354
6 7 03 04 05 15 23 24 25 012 345
6 5 13 14 23 24 35 012 540
6 5 13 14 23 24 35 012 450
6 5 13 14 23 24 35 012 405
6 5 13 14 23 24 35 012 504
6 5 13 14 23 24 35 012 054
6 5 13 14 23 24 35 012 045
6 7 05 13 14 15 23 24 25 012 534
6 7 05 13 14 15 23 24 25 012 354
6 7 05 13 14 15 23 24 25 012 345
6 5 05 13 14 53 54 012 342
6 5 05 23 24 53 54 012 341
6 7 03 04 05 13 14 23 24 012 345
6 5 05 13 14 53 54 012 324
6 5 05 23 24 53 54 012 314
6 7 03 04 05 13 15 23 25 012 345
6 5 05 13 14 53 54 012 234
6 5 05 23 24 53 54 012 134
6 7 03 04 05 14 15 24 25 012 345
6 7 03 04 05 13 14 23 25 012 345
6 7 03 04 05 13 14 24 25 012 345
6 7 03 04 05 13 15 24 25 012 345
6 5 03 04 15 53 54 012 342
6 5 15 23 24 53 54 012 340
6 7 03 04 13 14 15 23 24 012 345
6 5 03 04 15 53 54 012 324
6 5 15 23 24 53 54 012 304
6 7 03 05 13 14 15 23 25 012 345
6 5 03 04 15 53 54 012 234
6 5 15 23 24 53 54 012 034
6 7 04 05 13 14 15 24 25 012 345
6 7 03 04 13 14 15 23 25 012 345
6 7 03 04 13 14 15 24 25 012 345
6 7 03 05 13 14 15 24 25 012 345
6 5 03 04 25 53 54 012 341
6 5 13 14 25 53 54 012 340
6 7 03 04 13 14 23 24 25 012 345
6 5 03 04 25 53 54 012 314
6 5 13 14 25 53 54 012 304
6 7 03 05 13 15 23 24 25 012 345
6 5 03 04 25 53 54 012 134
6 5 13 14 25 53 54 012 034
6 7 04 05 14 15 23 24 25 012 345
6 7 03 04 13 15 23 24 25 012 345
6 7 03 04 14 15 23 24 25 012 345
6 7 03 05 14 15 23 24 25 012 345
6 4 03 13 34 35 012 452
6 4 03 13 34 35 012 425
6 4 03 13 34 35 012 245
6 8 03 04 05 13 14 15 24 25 012 453
6 8 03 04 05 13 14 15 24 25 012 435
6 8 03 04 05 13 14 15 24 25 012 345
6 4 03 23 34 35 012 451
6 4 03 23 34 35 012 415
6 4 03 23 34 35 012 145
6 8 03 04 05 14 15 23 24 25 012 453
6 8 03 04 05 14 15 23 24 25 012 435
6 8 03 04 05 14 15 23 24 25 012 345
6 4 13 23 34 35 012 450
6 4 13 23 34 35 012 405
6 4 13 23 34 35 012 045
6 8 04 05 13 14 15 23 24 25 012 453
6 8 04 05 13 14 15 23 24 25 012 435
6 8 04 05 13 14 15 23 24 25 012 345
6 9 03 04 05 13 14 15 23 24 25 012 345
6 3 12 43 53 0145 023
6 3 21 31 45 0234 015
6 3 10 42 52 1453 023
6 3 10 42 52 1435 023
6 3 10 42 52 1345 023
6 3 10 43 53 1452 023
6 3 10 43 53 1425 023
6 3 10 43 53 1245 023
6 3 10 20 53 1254 034
6 3 10 20 53 1245 034
6 3 10 20 54 1253 034
6 3 10 20 54 1235 034
6 3 20 43 53 1245 013
6 3 21 43 53 2045 013
6 3 20 30 54 2135 014
6 3 20 30 54 1235 014
6 3 21 31 54 2305 014
6 3 21 31 54 2035 014
6 3 35 40 50 3412 012
6 3 35 40 50 3142 012
6 3 35 40 50 3124 012
6 4 30 31 40 50 3452 012
6 4 30 32 40 50 3451 012
6 4 30 31 40 50 3425 012
6 4 30 32 40 50 3415 012
6 4 30 31 40 50 3245 012
6 4 30 32 40 50 3145 012
6 3 30 45 50 3412 012
6 3 35 40 50 1342 012
6 3 35 40 50 1324 012
6 4 30 40 41 50 3452 012
6 4 30 40 42 50 3451 012
6 4 30 40 41 50 3425 012
6 4 30 40 42 50 3415 012
6 4 30 31 40 50 2345 012
6 4 30 32 40 50 1345 012
6 3 30 45 50 3142 012
6 3 30 45 50 1342 012
6 3 35 40 50 1234 012
6 4 30 40 50 51 3452 012
6 4 30 40 50 52 3451 012
6 4 30 40 41 50 3245 012
6 4 30 40 42 50 3145 012
6 4 30 40 41 50 2345 012
6 4 30 40 42 50 1345 012
6 3 30 45 50 3124 012
6 3 30 45 50 1324 012
6 3 30 45 50 1234 012
6 4 30 40 50 51 3425 012
6 4 30 40 50 52 3415 012
6 4 30 40 50 51 3245 012
6 4 30 40 50 52 3145 012
6 4 30 40 50 51 2345 012
6 4 30 40 50 52 1345 012
6 3 35 41 51 3402 012
6 3 35 41 51 3042 012
6 3 35 41 51 3024 012
6 4 30 31 41 51 3452 012
6 4 31 32 41 51 3450 012
6 4 30 31 41 51 3425 012
6 4 31 32 41 51 3405 012
6 4 30 31 41 51 3245 012
6 4 31 32 41 51 3045 012
6 3 31 45 51 3402 012
6 3 35 41 51 0342 012
6 3 35 41 51 0324 012
6 4 31 40 41 51 3452 012
6 4 31 41 42 51 3450 012
6 4 31 40 41 51 3425 012
6 4 31 41 42 51 3405 012
6 4 30 31 41 51 2345 012
6 4 31 32 41 51 0345 012
6 3 31 45 51 3042 012
6 3 31 45 51 0342 012
6 3 35 41 51 0234 012
6 4 31 41 50 51 3452 012
6 4 31 41 51 52 3450 012
6 4 31 40 41 51 3245 012
6 4 31 41 42 51 3045 012
6 4 31 40 41 51 2345 012
6 4 31 41 42 51 0345 012
6 3 31 45 51 3024 012
6 3 31 45 51 0324 012
6 3 31 45 51 0234 012
6 4 31 41 50 51 3425 012
6 4 31 41 51 52 3405 012
6 4 31 41 50 51 3245 012
6 4 31 41 51 52 3045 012
6 4 31 41 50 51 2345 012
6 4 31 41 51 52 0345 012
6 3 35 42 52 3401 012
6 3 35 42 52 3041 012
6 3 35 42 52 3014 012
6 4 30 32 42 52 3451 012
6 4 31 32 42 52 3450 012
6 4 30 32 42 52 3415 012
6 4 31 32 42 52 3405 012
6 4 30 32 42 52 3145 012
6 4 31 32 42 52 3045 012
6 3 32 45 52 3401 012
6 3 35 42 52 0341 012
6 3 35 42 52 0314 012
6 4 32 40 42 52 3451 012
6 4 32 41 42 52 3450 012
6 4 32 40 42 52 3415 012
6 4 32 41 42 52 3405 012
6 4 30 32 42 52 1345 012
6 4 31 32 42 52 0345 012
6 3 32 45 52 3041 012
6 3 32 45 52 0341 012
6 3 35 42 52 0134 012
6 4 32 42 50 52 3451 012
6 4 32 42 51 52 3450 012
6 4 32 40 42 52 3145 012
6 4 32 41 42 52 3045 012
6 4 32 40 42 52 1345 012
6 4 32 41 42 52 0345 012
6 3 32 45 52 3014 012
6 3 32 45 52 0314 012
6 3 32 45 52 0134 012
6 4 32 42 50 52 3415 012
6 4 32 42 51 52 3405 012
6 4 32 42 50 52 3145 012
6 4 32 42 51 52 3045 012
6 4 32 42 50 52 1345 012
6 4 32 42 51 52 0345 012
6 4 21 43 51 53 5024 013
6 4 21 43 51 53 0524 013
6 4 21 43 51 53 0254 013
6 4 21 43 51 53 0245 013
6 4 10 42 50 52 5143 023
6 4 10 42 50 52 1543 023
6 4 10 42 50 52 1453 023
6 4 10 42 50 52 1435 023
6 4 10 42 50 52 5134 023
6 4 10 42 50 52 1534 023
6 4 10 42 50 52 1354 023
6 4 10 42 50 52 1345 023
6 4 10 43 50 53 5142 023
6 4 10 43 50 53 1542 023
6 4 10 43 50 53 1452 023
6 4 10 43 50 53 1425 023
6 4 10 43 50 53 5124 023
6 4 10 43 50 53 1524 023
6 4 10 43 50 53 1254 023
6 4 10 43 50 53 1245 023
6 4 20 43 50 53 5124 013
6 4 20 43 50 53 1524 013
6 4 20 43 50 53 1254 013
6 4 20 43 50 53 1245 013
6 4 21 43 51 53 5204 013
6 4 21 43 51 53 2504 013
6 4 21 43 51 53 2054 013
6 4 21 43 51 53 2045 013
6 3 35 45 50 3412 012
6 5 30 31 40 41 50 3452 012
6 5 30 31 40 41 50 3425 012
6 5 30 32 40 42 50 3451 012
6 5 30 32 40 42 50 3415 012
6 3 35 45 50 3142 012
6 5 30 31 40 50 51 3452 012
6 5 30 31 40 41 50 3245 012
6 5 30 32 40 50 52 3451 012
6 5 30 32 40 42 50 3145 012
6 3 35 45 50 3124 012
6 5 30 31 40 50 51 3425 012
6 5 30 31 40 50 51 3245 012
6 5 30 32 40 50 52 3415 012
6 5 30 32 40 50 52 3145 012
6 3 35 45 50 1342 012
6 5 30 40 41 50 51 3452 012
6 5 30 31 40 41 50 2345 012
6 5 30 40 42 50 52 3451 012
6 5 30 32 40 42 50 1345 012
6 3 35 45 50 1324 012
6 5 30 40 41 50 51 3425 012
6 5 30 31 40 50 51 2345 012
6 5 30 40 42 50 52 3415 012
6 5 30 32 40 50 52 1345 012
6 3 35 45 50 1234 012
6 5 30 40 41 50 51 3245 012
6 5 30 40 41 50 51 2345 012
6 5 30 40 42 50 52 3145 012
6 5 30 40 42 50 52 1345 012
6 3 35 45 51 3402 012
6 5 30 31 40 41 51 3452 012
6 5 30 31 40 41 51 3425 012
6 5 31 32 41 42 51 3450 012
6 5 31 32 41 42 51 3405 012
6 3 35 45 51 3042 012
6 5 30 31 41 50 51 3452 012
6 5 30 31 40 41 51 3245 012
6 5 31 32 41 51 52 3450 012
6 5 31 32 41 42 51 3045 012
6 3 35 45 51 3024 012
6 5 30 31 41 50 51 3425 012
6 5 30 31 41 50 51 3245 012
6 5 31 32 41 51 52 3405 012
6 5 31 32 41 51 52 3045 012
6 3 35 45 51 0342 012
6 5 31 40 41 50 51 3452 012
6 5 30 31 40 41 51 2345 012
6 5 31 41 42 51 52 3450 012
6 5 31 32 41 42 51 0345 012
6 3 35 45 51 0324 012
6 5 31 40 41 50 51 3425 012
6 5 30 31 41 50 51 2345 012
6 5 31 41 42 51 52 3405 012
6 5 31 32 41 51 52 0345 012
6 3 35 45 51 0234 012
6 5 31 40 41 50 51 3245 012
6 5 31 40 41 50 51 2345 012
6 5 31 41 42 51 52 3045 012
6 5 31 41 42 51 52 0345 012
6 3 35 45 52 3401 012
6 5 30 32 40 42 52 3451 012
6 5 30 32 40 42 52 3415 012
6 5 31 32 41 42 52 3450 012
6 5 31 32 41 42 52 3405 012
6 3 35 45 52 3041 012
6 5 30 32 42 50 52 3451 012
6 5 30 32 40 42 52 3145 012
6 5 31 32 42 51 52 3450 012
6 5 31 32 41 42 52 3045 012
6 3 35 45 52 3014 012
6 5 30 32 42 50 52 3415 012
6 5 30 32 42 50 52 3145 012
6 5 31 32 42 51 52 3405 012
6 5 31 32 42 51 52 3045 012
6 3 35 45 52 0341 012
6 5 32 40 42 50 52 3451 012
6 5 30 32 40 42 52 1345 012
6 5 32 41 42 51 52 3450 012
6 5 31 32 41 42 52 0345 012
6 3 35 45 52 0314 012
6 5 32 40 42 50 52 3415 012
6 5 30 32 42 50 52 1345 012
6 5 32 41 42 51 52 3405 012
6 5 31 32 42 51 52 0345 012
6 3 35 45 52 0134 012
6 5 32 40 42 50 52 3145 012
6 5 32 40 42 50 52 1345 012
6 5 32 41 42 51 52 3045 012
6 5 32 41 42 51 52 0345 012
6 6 30 31 40 41 50 51 3452 012
6 6 30 31 40 41 50 51 3425 012
6 6 30 31 40 41 50 51 3245 012
6 6 30 31 40 41 50 51 2345 012
6 6 30 32 40 42 50 52 3451 012
6 6 30 32 40 42 50 52 3415 012
6 6 30 32 40 42 50 52 3145 012
6 6 30 32 40 42 50 52 1345 012
6 6 31 32 41 42 51 52 3450 012
6 6 31 32 41 42 51 52 3405 012
6 6 31 32 41 42 51 52 3045 012
6 6 31 32 41 42 51 52 0345 012
6 3 30 40 50 34512 012
6 3 30 40 50 34152 012
6 3 30 40 50 34125 012
6 3 30 40 50 31452 012
6 3 30 40 50 31425 012
6 3 30 40 50 31245 012
6 3 30 40 50 13452 012
6 3 30 40 50 13425 012
6 3 30 40 50 13245 012
6 3 30 40 50 12345 012
6 3 31 41 51 34502 012
6 3 31 41 51 34052 012
6 3 31 41 51 34025 012
6 3 31 41 51 30452 012
6 3 31 41 51 30425 012
6 3 31 41 51 30245 012
6 3 31 41 51 03452 012
6 3 31 41 51 03425 012
6 3 31 41 51 03245 012
6 3 31 41 51 02345 012
6 3 32 42 52 34501 012
6 3 32 42 52 34051 012
6 3 32 42 52 34015 012
6 3 32 42 52 30451 012
6 3 32 42 52 30415 012
6 3 32 42 52 30145 012
6 3 32 42 52 03451 012
6 3 32 42 52 03415 012
6 3 32 42 52 03145 012
6 3 32 42 52 01345 012
6 5 01 02 03 04 15 0 5234
6 5 01 02 03 04 15 0 2534
6 5 01 02 03 04 15 0 2354
6 5 01 02 03 04 15 0 2345
6 5 01 02 03 14 15 0 4523
6 5 01 02 03 14 15 0 4253
6 5 01 02 03 14 15 0 4235
6 5 01 02 03 14 15 0 2453
6 5 01 02 03 14 15 0 2435
6 5 01 02 03 14 15 0 2345
6 5 01 02 13 14 15 0 3452
6 5 01 02 13 14 15 0 3425
6 5 01 02 13 14 15 0 3245
6 5 01 02 13 14 15 0 2345
6 5 01 12 13 14 15 0 2345
6 4 01 23 24 25 02 1345
6 4 01 02 34 35 03 1245
6 4 01 02 03 45 04 1235
6 4 03 04 05 52 01 2341
6 4 03 04 05 52 01 2314
6 4 03 04 05 52 01 2134
6 5 02 03 04 05 12 01 2345
6 4 02 04 05 53 01 2341
6 4 02 04 05 53 01 2314
6 4 03 04 05 52 01 1234
6 5 02 03 04 05 13 01 2345
6 4 02 03 05 54 01 2341
6 4 02 04 05 53 01 2134
6 4 02 04 05 53 01 1234
6 5 02 03 04 05 14 01 2345
6 4 02 03 05 54 01 2314
6 4 02 03 05 54 01 2134
6 4 02 03 05 54 01 1234
6 5 02 03 04 05 15 01 2345
6 4 13 14 15 52 01 2340
6 4 13 14 15 52 01 2304
6 4 13 14 15 52 01 2034
6 5 02 12 13 14 15 01 2345
6 4 12 14 15 53 01 2340
6 4 12 14 15 53 01 2304
6 4 13 14 15 52 01 0234
6 5 03 12 13 14 15 01 2345
6 4 12 13 15 54 01 2340
6 4 12 14 15 53 01 2034
6 4 12 14 15 53 01 0234
6 5 04 12 13 14 15 01 2345
6 4 12 13 15 54 01 2304
6 4 12 13 15 54 01 2034
6 4 12 13 15 54 01 0234
6 5 05 12 13 14 15 01 2345
6 5 10 15 23 24 25 12 5034
6 5 10 15 23 24 25 12 0534
6 5 10 15 23 24 25 12 0354
6 5 10 15 23 24 25 12 0345
6 5 01 02 05 43 45 04 5123
6 5 01 02 05 43 45 04 1523
6 5 01 02 05 43 45 04 1253
6 5 01 02 05 43 45 04 1235
6 4 04 05 52 53 01 2341
6 4 04 05 52 53 01 2314
6 6 02 03 04 05 12 13 01 2345
6 4 03 05 52 54 01 2341
6 4 04 05 52 53 01 2134
6 6 02 03 04 05 12 14 01 2345
6 4 03 05 52 54 01 2314
6 4 03 05 52 54 01 2134
6 6 02 03 04 05 12 15 01 2345
6 4 02 05 53 54 01 2341
6 4 04 05 52 53 01 1234
6 6 02 03 04 05 13 14 01 2345
6 4 02 05 53 54 01 2314
6 4 03 05 52 54 01 1234
6 6 02 03 04 05 13 15 01 2345
6 4 02 05 53 54 01 2134
6 4 02 05 53 54 01 1234
6 6 02 03 04 05 14 15 01 2345
6 4 14 15 52 53 01 2340
6 4 14 15 52 53 01 2304
6 6 02 03 12 13 14 15 01 2345
6 4 13 15 52 54 01 2340
6 4 14 15 52 53 01 2034
6 6 02 04 12 13 14 15 01 2345
6 4 13 15 52 54 01 2304
6 4 13 15 52 54 01 2034
6 6 02 05 12 13 14 15 01 2345
6 4 12 15 53 54 01 2340
6 4 14 15 52 53 01 0234
6 6 03 04 12 13 14 15 01 2345
6 4 12 15 53 54 01 2304
6 4 13 15 52 54 01 0234
6 6 03 05 12 13 14 15 01 2345
6 4 12 15 53 54 01 2034
6 4 12 15 53 54 01 0234
6 6 04 05 12 13 14 15 01 2345
6 6 01 04 05 23 24 25 02 4513
6 6 01 04 05 23 24 25 02 4153
6 6 01 04 05 23 24 25 02 4135
6 6 01 04 05 23 24 25 02 1453
6 6 01 04 05 23 24 25 02 1435
6 6 01 04 05 23 24 25 02 1345
6 4 05 52 53 54 01 2341
6 7 02 03 04 05 12 13 14 01 2345
6 4 05 52 53 54 01 2314
6 7 02 03 04 05 12 13 15 01 2345
6 4 05 52 53 54 01 2134
6 7 02 03 04 05 12 14 15 01 2345
6 4 05 52 53 54 01 1234
6 7 02 03 04 05 13 14 15 01 2345
6 4 15 52 53 54 01 2340
6 7 02 03 04 12 13 14 15 01 2345
6 4 15 52 53 54 01 2304
6 7 02 03 05 12 13 14 15 01 2345
6 4 15 52 53 54 01 2034
6 7 02 04 05 12 13 14 15 01 2345
6 4 15 52 53 54 01 0234
6 7 03 04 05 12 13 14 15 01 2345
6 8 02 03 04 05 12 13 14 15 01 2345
6 3 21 34 35 023 0145
6 3 12 13 54 015 0234
6 3 01 24 25 023 1453
6 3 01 24 25 023 1435
6 3 01 24 25 023 1345
6 3 01 34 35 023 1452
6 3 01 34 35 023 1425
6 3 01 34 35 023 1245
6 3 01 02 35 034 1254
6 3 01 02 35 034 1245
6 3 01 02 45 034 1253
6 3 01 02 45 034 1235
6 3 02 34 35 013 1245
6 3 12 34 35 013 2045
6 3 02 03 45 014 2135
6 3 02 03 45 014 1235
6 3 12 13 45 014 2305
6 3 12 13 45 014 2035
6 3 04 05 53 012 3412
6 3 04 05 53 012 3142
6 3 04 05 53 012 3124
6 4 03 04 05 13 012 3452
6 4 03 04 05 23 012 3451
6 4 03 04 05 13 012 3425
6 4 03 04 05 23 012 3415
6 4 03 04 05 13 012 3245
6 4 03 04 05 23 012 3145
6 3 03 05 54 012 3412
6 3 04 05 53 012 1342
6 3 04 05 53 012 1324
6 4 03 04 05 14 012 3452
6 4 03 04 05 24 012 3451
6 4 03 04 05 14 012 3425
6 4 03 04 05 24 012 3415
6 4 03 04 05 13 012 2345
6 4 03 04 05 23 012 1345
6 3 03 05 54 012 3142
6 3 03 05 54 012 1342
6 3 04 05 53 012 1234
6 4 03 04 05 15 012 3452
6 4 03 04 05 25 012 3451
6 4 03 04 05 14 012 3245
6 4 03 04 05 24 012 3145
6 4 03 04 05 14 012 2345
6 4 03 04 05 24 012 1345
6 3 03 05 54 012 3124
6 3 03 05 54 012 1324
6 3 03 05 54 012 1234
6 4 03 04 05 15 012 3425
6 4 03 04 05 25 012 3415
6 4 03 04 05 15 012 3245
6 4 03 04 05 25 012 3145
6 4 03 04 05 15 012 2345
6 4 03 04 05 25 012 1345
6 3 14 15 53 012 3402
6 3 14 15 53 012 3042
6 3 14 15 53 012 3024
6 4 03 13 14 15 012 3452
6 4 13 14 15 23 012 3450
6 4 03 13 14 15 012 3425
6 4 13 14 15 23 012 3405
6 4 03 13 14 15 012 3245
6 4 13 14 15 23 012 3045
6 3 13 15 54 012 3402
6 3 14 15 53 012 0342
6 3 14 15 53 012 0324
6 4 04 13 14 15 012 3452
6 4 13 14 15 24 012 3450
6 4 04 13 14 15 012 3425
6 4 13 14 15 24 012 3405
6 4 03 13 14 15 012 2345
6 4 13 14 15 23 012 0345
6 3 13 15 54 012 3042
6 3 13 15 54 012 0342
6 3 14 15 53 012 0234
6 4 05 13 14 15 012 3452
6 4 13 14 15 25 012 3450
6 4 04 13 14 15 012 3245
6 4 13 14 15 24 012 3045
6 4 04 13 14 15 012 2345
6 4 13 14 15 24 012 0345
6 3 13 15 54 012 3024
6 3 13 15 54 012 0324
6 3 13 15 54 012 0234
6 4 05 13 14 15 012 3425
6 4 13 14 15 25 012 3405
6 4 05 13 14 15 012 3245
6 4 13 14 15 25 012 3045
6 4 05 13 14 15 012 2345
6 4 13 14 15 25 012 0345
6 3 24 25 53 012 3401
6 3 24 25 53 012 3041
6 3 24 25 53 012 3014
6 4 03 23 24 25 012 3451
6 4 13 23 24 25 012 3450
6 4 03 23 24 25 012 3415
6 4 13 23 24 25 012 3405
6 4 03 23 24 25 012 3145
6 4 13 23 24 25 012 3045
6 3 23 25 54 012 3401
6 3 24 25 53 012 0341
6 3 24 25 53 012 0314
6 4 04 23 24 25 012 3451
6 4 14 23 24 25 012 3450
6 4 04 23 24 25 012 3415
6 4 14 23 24 25 012 3405
6 4 03 23 24 25 012 1345
6 4 13 23 24 25 012 0345
6 3 23 25 54 012 3041
6 3 23 25 54 012 0341
6 3 24 25 53 012 0134
6 4 05 23 24 25 012 3451
6 4 15 23 24 25 012 3450
6 4 04 23 24 25 012 3145
6 4 14 23 24 25 012 3045
6 4 04 23 24 25 012 1345
6 4 14 23 24 25 012 0345
6 3 23 25 54 012 3014
6 3 23 25 54 012 0314
6 3 23 25 54 012 0134
6 4 05 23 24 25 012 3415
6 4 15 23 24 25 012 3405
6 4 05 23 24 25 012 3145
6 4 15 23 24 25 012 3045
6 4 05 23 24 25 012 1345
6 4 15 23 24 25 012 0345
6 4 12 15 34 35 013 5024
6 4 12 15 34 35 013 0524
6 4 12 15 34 35 013 0254
6 4 12 15 34 35 013 0245
6 4 01 05 24 25 023 5143
6 4 01 05 24 25 023 1543
6 4 01 05 24 25 023 1453
6 4 01 05 24 25 023 1435
6 4 01 05 24 25 023 5134
6 4 01 05 24 25 023 1534
6 4 01 05 24 25 023 1354
6 4 01 05 24 25 023 1345
6 4 01 05 34 35 023 5142
6 4 01 05 34 35 023 1542
6 4 01 05 34 35 023 1452
6 4 01 05 34 35 023 1425
6 4 01 05 34 35 023 5124
6 4 01 05 34 35 023 1524
6 4 01 05 34 35 023 1254
6 4 01 05 34 35 023 1245
6 4 02 05 34 35 013 5124
6 4 02 05 34 35 013 1524
6 4 02 05 34 35 013 1254
6 4 02 05 34 35 013 1245
6 4 12 15 34 35 013 5204
6 4 12 15 34 35 013 2504
6 4 12 15 34 35 013 2054
6 4 12 15 34 35 013 2045
6 3 05 53 54 012 3412
6 5 03 04 05 13 14 012 3452
6 5 03 04 05 13 14 012 3425
6 5 03 04 05 23 24 012 3451
6 5 03 04 05 23 24 012 3415
6 3 05 53 54 012 3142
6 5 03 04 05 13 15 012 3452
6 5 03 04 05 13 14 012 3245
6 5 03 04 05 23 25 012 3451
6 5 03 04 05 23 24 012 3145
6 3 05 53 54 012 3124
6 5 03 04 05 13 15 012 3425
6 5 03 04 05 13 15 012 3245
6 5 03 04 05 23 25 012 3415
6 5 03 04 05 23 25 012 3145
6 3 05 53 54 012 1342
6 5 03 04 05 14 15 012 3452
6 5 03 04 05 13 14 012 2345
6 5 03 04 05 24 25 012 3451
6 5 03 04 05 23 24 012 1345
6 3 05 53 54 012 1324
6 5 03 04 05 14 15 012 3425
6 5 03 04 05 13 15 012 2345
6 5 03 04 05 24 25 012 3415
6 5 03 04 05 23 25 012 1345
6 3 05 53 54 012 1234
6 5 03 04 05 14 15 012 3245
6 5 03 04 05 14 15 012 2345
6 5 03 04 05 24 25 012 3145
6 5 03 04 05 24 25 012 1345
6 3 15 53 54 012 3402
6 5 03 04 13 14 15 012 3452
6 5 03 04 13 14 15 012 3425
6 5 13 14 15 23 24 012 3450
6 5 13 14 15 23 24 012 3405
6 3 15 53 54 012 3042
6 5 03 05 13 14 15 012 3452
6 5 03 04 13 14 15 012 3245
6 5 13 14 15 23 25 012 3450
6 5 13 14 15 23 24 012 3045
6 3 15 53 54 012 3024
6 5 03 05 13 14 15 012 3425
6 5 03 05 13 14 15 012 3245
6 5 13 14 15 23 25 012 3405
6 5 13 14 15 23 25 012 3045
6 3 15 53 54 012 0342
6 5 04 05 13 14 15 012 3452
6 5 03 04 13 14 15 012 2345
6 5 13 14 15 24 25 012 3450
6 5 13 14 15 23 24 012 0345
6 3 15 53 54 012 0324
6 5 04 05 13 14 15 012 3425
6 5 03 05 13 14 15 012 2345
6 5 13 14 15 24 25 012 3405
6 5 13 14 15 23 25 012 0345
6 3 15 53 54 012 0234
6 5 04 05 13 14 15 012 3245
6 5 04 05 13 14 15 012 2345
6 5 13 14 15 24 25 012 3045
6 5 13 14 15 24 25 012 0345
6 3 25 53 54 012 3401
6 5 03 04 23 24 25 012 3451
6 5 03 04 23 24 25 012 3415
6 5 13 14 23 24 25 012 3450
6 5 13 14 23 24 25 012 3405
6 3 25 53 54 012 3041
6 5 03 05 23 24 25 012 3451
6 5 03 04 23 24 25 012 3145
6 5 13 15 23 24 25 012 3450
6 5 13 14 23 24 25 012 3045
6 3 25 53 54 012 3014
6 5 03 05 23 24 25 012 3415
6 5 03 05 23 24 25 012 3145
6 5 13 15 23 24 25 012 3405
6 5 13 15 23 24 25 012 3045
6 3 25 53 54 012 0341
6 5 04 05 23 24 25 012 3451
6 5 03 04 23 24 25 012 1345
6 5 14 15 23 24 25 012 3450
6 5 13 14 23 24 25 012 0345
6 3 25 53 54 012 0314
6 5 04 05 23 24 25 012 3415
6 5 03 05 23 24 25 012 1345
6 5 14 15 23 24 25 012 3405
6 5 13 15 23 24 25 012 0345
6 3 25 53 54 012 0134
6 5 04 05 23 24 25 012 3145
6 5 04 05 23 24 25 012 1345
6 5 14 15 23 24 25 012 3045
6 5 14 15 23 24 25 012 0345
6 6 03 04 05 13 14 15 012 3452
6 6 03 04 05 13 14 15 012 3425
6 6 03 04 05 13 14 15 012 3245
6 6 03 04 05 13 14 15 012 2345
6 6 03 04 05 23 24 25 012 3451
6 6 03 04 05 23 24 25 012 3415
6 6 03 04 05 23 24 25 012 3145
6 6 03 04 05 23 24 25 012 1345
6 6 13 14 15 23 24 25 012 3450
6 6 13 14 15 23 24 25 012 3405
6 6 13 14 15 23 24 25 012 3045
6 6 13 14 15 23 24 25 012 0345
6 2 23 45 0124 0135
6 2 12 35 0134 0254
6 2 12 35 0134 0245
6 2 12 45 0134 0253
6 2 12 45 0134 0235
6 2 13 45 0124 0235
6 2 23 45 0124 0315
6 2 01 25 0234 1534
6 2 01 25 0234 1354
6 2 01 25 0234 1345
6 2 01 35 0234 1524
6 2 01 35 0234 1254
6 2 01 35 0234 1245
6 2 01 45 0234 1523
6 2 01 45 0234 1253
6 2 01 45 0234 1235
6 2 02 35 0134 1254
6 2 02 35 0134 1245
6 2 02 45 0134 1253
6 2 02 45 0134 1235
6 2 12 35 0134 2054
6 2 12 35 0134 2045
6 2 12 45 0134 2053
6 2 12 45 0134 2035
6 2 03 45 0124 1235
6 2 23 45 0124 3015
6 2 05 54 0123 4123
6 3 04 05 14 0123 4523
6 3 04 05 14 0123 4253
6 3 04 05 14 0123 4235
6 3 04 05 24 0123 4513
6 3 04 05 34 0123 4512
6 3 04 05 24 0123 4153
6 3 04 05 24 0123 4135
6 3 04 05 34 0123 4152
6 3 04 05 34 0123 4125
6 2 05 54 0123 1423
6 3 04 05 15 0123 4523
6 3 04 05 14 0123 2453
6 3 04 05 14 0123 2435
6 3 04 05 25 0123 4513
6 3 04 05 35 0123 4512
6 3 04 05 24 0123 1453
6 3 04 05 24 0123 1435
6 3 04 05 34 0123 1452
6 3 04 05 34 0123 1425
6 2 05 54 0123 1243
6 3 04 05 15 0123 4253
6 3 04 05 15 0123 2453
6 3 04 05 14 0123 2345
6 3 04 05 25 0123 4153
6 3 04 05 35 0123 4152
6 3 04 05 25 0123 1453
6 3 04 05 24 0123 1345
6 3 04 05 35 0123 1452
6 3 04 05 34 0123 1245
6 2 05 54 0123 1234
6 3 04 05 15 0123 4235
6 3 04 05 15 0123 2435
6 3 04 05 15 0123 2345
6 3 04 05 25 0123 4135
6 3 04 05 35 0123 4125
6 3 04 05 25 0123 1435
6 3 04 05 25 0123 1345
6 3 04 05 35 0123 1425
6 3 04 05 35 0123 1245
6 2 15 54 0123 4023
6 3 04 14 15 0123 4523
6 3 04 14 15 0123 4253
6 3 04 14 15 0123 4235
6 3 14 15 24 0123 4503
6 3 14 15 34 0123 4502
6 3 14 15 24 0123 4053
6 3 14 15 24 0123 4035
6 3 14 15 34 0123 4052
6 3 14 15 34 0123 4025
6 2 15 54 0123 0423
6 3 05 14 15 0123 4523
6 3 04 14 15 0123 2453
6 3 04 14 15 0123 2435
6 3 14 15 25 0123 4503
6 3 14 15 35 0123 4502
6 3 14 15 24 0123 0453
6 3 14 15 24 0123 0435
6 3 14 15 34 0123 0452
6 3 14 15 34 0123 0425
6 2 15 54 0123 0243
6 3 05 14 15 0123 4253
6 3 05 14 15 0123 2453
6 3 04 14 15 0123 2345
6 3 14 15 25 0123 4053
6 3 14 15 35 0123 4052
6 3 14 15 25 0123 0453
6 3 14 15 24 0123 0345
6 3 14 15 35 0123 0452
6 3 14 15 34 0123 0245
6 2 15 54 0123 0234
6 3 05 14 15 0123 4235
6 3 05 14 15 0123 2435
6 3 05 14 15 0123 2345
6 3 14 15 25 0123 4035
6 3 14 15 35 0123 4025
6 3 14 15 25 0123 0435
6 3 14 15 25 0123 0345
6 3 14 15 35 0123 0425
6 3 14 15 35 0123 0245
6 2 25 54 0123 4013
6 3 04 24 25 0123 4513
6 3 04 24 25 0123 4153
6 3 04 24 25 0123 4135
6 3 14 24 25 0123 4503
6 3 24 25 34 0123 4501
6 3 14 24 25 0123 4053
6 3 14 24 25 0123 4035
6 3 24 25 34 0123 4051
6 3 24 25 34 0123 4015
6 2 25 54 0123 0413
6 3 05 24 25 0123 4513
6 3 04 24 25 0123 1453
6 3 04 24 25 0123 1435
6 3 15 24 25 0123 4503
6 3 24 25 35 0123 4501
6 3 14 24 25 0123 0453
6 3 14 24 25 0123 0435
6 3 24 25 34 0123 0451
6 3 24 25 34 0123 0415
6 2 25 54 0123 0143
6 3 05 24 25 0123 4153
6 3 05 24 25 0123 1453
6 3 04 24 25 0123 1345
6 3 15 24 25 0123 4053
6 3 24 25 35 0123 4051
6 3 15 24 25 0123 0453
6 3 14 24 25 0123 0345
6 3 24 25 35 0123 0451
6 3 24 25 34 0123 0145
6 2 25 54 0123 0134
6 3 05 24 25 0123 4135
6 3 05 24 25 0123 1435
6 3 05 24 25 0123 1345
6 3 15 24 25 0123 4035
6 3 24 25 35 0123 4015
6 3 15 24 25 0123 0435
6 3 15 24 25 0123 0345
6 3 24 25 35 0123 0415
6 3 24 25 35 0123 0145
6 2 35 54 0123 4012
6 3 04 34 35 0123 4512
6 3 04 34 35 0123 4152
6 3 04 34 35 0123 4125
6 3 14 34 35 0123 4502
6 3 24 34 35 0123 4501
6 3 14 34 35 0123 4052
6 3 14 34 35 0123 4025
6 3 24 34 35 0123 4051
6 3 24 34 35 0123 4015
6 2 35 54 0123 0412
6 3 05 34 35 0123 4512
6 3 04 34 35 0123 1452
6 3 04 34 35 0123 1425
6 3 15 34 35 0123 4502
6 3 25 34 35 0123 4501
6 3 14 34 35 0123 0452
6 3 14 34 35 0123 0425
6 3 24 34 35 0123 0451
6 3 24 34 35 0123 0415
6 2 35 54 0123 0142
6 3 05 34 35 0123 4152
6 3 05 34 35 0123 1452
6 3 04 34 35 0123 1245
6 3 15 34 35 0123 4052
6 3 25 34 35 0123 4051
6 3 15 34 35 0123 0452
6 3 14 34 35 0123 0245
6 3 25 34 35 0123 0451
6 3 24 34 35 0123 0145
6 2 35 54 0123 0124
6 3 05 34 35 0123 4125
6 3 05 34 35 0123 1425
6 3 05 34 35 0123 1245
6 3 15 34 35 0123 4025
6 3 25 34 35 0123 4015
6 3 15 34 35 0123 0425
6 3 15 34 35 0123 0245
6 3 25 34 35 0123 0415
6 3 25 34 35 0123 0145
6 4 04 05 14 15 0123 4523
6 4 04 05 14 15 0123 4253
6 4 04 05 14 15 0123 4235
6 4 04 05 14 15 0123 2453
6 4 04 05 14 15 0123 2435
6 4 04 05 14 15 0123 2345
6 4 04 05 24 25 0123 4513
6 4 04 05 24 25 0123 4153
6 4 04 05 24 25 0123 4135
6 4 04 05 24 25 0123 1453
6 4 04 05 24 25 0123 1435
6 4 04 05 24 25 0123 1345
6 4 04 05 34 35 0123 4512
6 4 04 05 34 35 0123 4152
6 4 04 05 34 35 0123 4125
6 4 04 05 34 35 0123 1452
6 4 04 05 34 35 0123 1425
6 4 04 05 34 35 0123 1245
6 4 14 15 24 25 0123 4503
6 4 14 15 24 25 0123 4053
6 4 14 15 24 25 0123 4035
6 4 14 15 24 25 0123 0453
6 4 14 15 24 25 0123 0435
6 4 14 15 24 25 0123 0345
6 4 14 15 34 35 0123 4502
6 4 14 15 34 35 0123 4052
6 4 14 15 34 35 0123 4025
6 4 14 15 34 35 0123 0452
6 4 14 15 34 35 0123 0425
6 4 14 15 34 35 0123 0245
6 4 24 25 34 35 0123 4501
6 4 24 25 34 35 0123 4051
6 4 24 25 34 35 0123 4015
6 4 24 25 34 35 0123 0451
6 4 24 25 34 35 0123 0415
6 4 24 25 34 35 0123 0145
6 2 40 50 45123 0123
6 2 40 50 41523 0123
6 2 40 50 41253 0123
6 2 40 50 41235 0123
6 2 40 50 14523 0123
6 2 40 50 14253 0123
6 2 40 50 14235 0123
6 2 40 50 12453 0123
6 2 40 50 12435 0123
6 2 40 50 12345 0123
6 2 41 51 45023 0123
6 2 41 51 40523 0123
6 2 41 51 40253 0123
6 2 41 51 40235 0123
6 2 41 51 04523 0123
6 2 41 51 04253 0123
6 2 41 51 04235 0123
6 2 41 51 02453 0123
6 2 41 51 02435 0123
6 2 41 51 02345 0123
6 2 42 52 45013 0123
6 2 42 52 40513 0123
6 2 42 52 40153 0123
6 2 42 52 40135 0123
6 2 42 52 04513 0123
6 2 42 52 04153 0123
6 2 42 52 04135 0123
6 2 42 52 01453 0123
6 2 42 52 01435 0123
6 2 42 52 01345 0123
6 2 43 53 45012 0123
6 2 43 53 40512 0123
6 2 43 53 40152 0123
6 2 43 53 40125 0123
6 2 43 53 04512 0123
6 2 43 53 04152 0123
6 2 43 53 04125 0123
6 2 43 53 01452 0123
6 2 43 53 01425 0123
6 2 43 53 01245 0123
6 5 01 02 03 04 05 0 12345
6 4 02 03 04 05 01 23451
6 4 02 03 04 05 01 23415
6 4 02 03 04 05 01 23145
6 4 02 03 04 05 01 21345
6 4 02 03 04 05 01 12345
6 4 12 13 14 15 01 23450
6 4 12 13 14 15 01 23405
6 4 12 13 14 15 01 23045
6 4 12 13 14 15 01 20345
6 4 12 13 14 15 01 02345
6 3 03 04 05 012 34512
6 3 03 04 05 012 34152
6 3 03 04 05 012 34125
6 3 03 04 05 012 31452
6 3 03 04 05 012 31425
6 3 03 04 05 012 31245
6 3 03 04 05 012 13452
6 3 03 04 05 012 13425
6 3 03 04 05 012 13245
6 3 03 04 05 012 12345
6 3 13 14 15 012 34502
6 3 13 14 15 012 34052
6 3 13 14 15 012 34025
6 3 13 14 15 012 30452
6 3 13 14 15 012 30425
6 3 13 14 15 012 30245
6 3 13 14 15 012 03452
6 3 13 14 15 012 03425
6 3 13 14 15 012 03245
6 3 13 14 15 012 02345
6 3 23 24 25 012 34501
6 3 23 24 25 012 34051
6 3 23 24 25 012 34015
6 3 23 24 25 012 30451
6 3 23 24 25 012 30415
6 3 23 24 25 012 30145
6 3 23 24 25 012 03451
6 3 23 24 25 012 03415
6 3 23 24 25 012 03145
6 3 23 24 25 012 01345
6 2 04 05 0123 45123
6 2 04 05 0123 41523
6 2 04 05 0123 41253
6 2 04 05 0123 41235
6 2 04 05 0123 14523
6 2 04 05 0123 14253
6 2 04 05 0123 14235
6 2 04 05 0123 12453
6 2 04 05 0123 12435
6 2 04 05 0123 12345
6 2 14 15 0123 45023
6 2 14 15 0123 40523
6 2 14 15 0123 40253
6 2 14 15 0123 40235
6 2 14 15 0123 04523
6 2 14 15 0123 04253
6 2 14 15 0123 04235
6 2 14 15 0123 02453
6 2 14 15 0123 02435
6 2 14 15 0123 02345
6 2 24 25 0123 45013
6 2 24 25 0123 40513
6 2 24 25 0123 40153
6 2 24 25 0123 40135
6 2 24 25 0123 04513
6 2 24 25 0123 04153
6 2 24 25 0123 04135
6 2 24 25 0123 01453
6 2 24 25 0123 01435
6 2 24 25 0123 01345
6 2 34 35 0123 45012
6 2 34 35 0123 40512
6 2 34 35 0123 40152
6 2 34 35 0123 40125
6 2 34 35 0123 04512
6 2 34 35 0123 04152
6 2 34 35 0123 04125
6 2 34 35 0123 01452
6 2 34 35 0123 01425
6 2 34 35 0123 01245
6 1 05 01234 51234
6 1 05 01234 15234
6 1 05 01234 12534
6 1 05 01234 12354
6 1 05 01234 12345
6 1 15 01234 50234
6 1 15 01234 05234
6 1 15 01234 02534
6 1 15 01234 02354
6 1 15 01234 02345
6 1 25 01234 50134
6 1 25 01234 05134
6 1 25 01234 01534
6 1 25 01234 01354
6 1 25 01234 01345
6 1 35 01234 50124
6 1 35 01234 05124
6 1 35 01234 01524
6 1 35 01234 01254
6 1 35 01234 01245
6 1 45 01234 50123
6 1 45 01234 05123
6 1 45 01234 01523
6 1 45 01234 01253
6 1 45 01234 01235
6 0 012345 012345
