4 4 02 03 21 31 0 1
4 3 03 21 32 0 1
4 3 10 20 31 32 0
4 3 10 20 31 23 0
4 3 10 21 31 23 0
4 3 10 20 30 123 0
4 3 01 02 13 0 32
4 3 01 02 13 0 23
4 3 01 12 13 0 23
4 2 01 23 02 13
4 2 03 32 01 21
4 3 02 03 12 01 23
4 2 03 32 01 12
4 3 02 03 13 01 23
4 2 13 32 01 20
4 3 02 12 13 01 23
4 2 13 32 01 02
4 3 03 12 13 01 23
4 4 02 03 12 13 01 23
4 2 20 30 231 01
4 2 20 30 213 01
4 2 20 30 123 01
4 2 21 31 230 01
4 2 21 31 203 01
4 2 21 31 023 01
4 3 01 02 03 0 123
4 2 02 03 01 231
4 2 02 03 01 213
4 2 02 03 01 123
4 2 12 13 01 230
4 2 12 13 01 203
4 2 12 13 01 023
4 1 03 012 312
4 1 03 012 132
4 1 03 012 123
4 1 13 012 302
4 1 13 012 032
4 1 13 012 023
4 1 23 012 301
4 1 23 012 031
4 1 23 012 013
4 0 0123 0123
