5 6 02 03 04 21 31 41 0 1
5 5 03 04 21 31 42 0 1
5 5 03 04 21 32 42 0 1
5 5 04 21 31 42 43 0 1
5 4 04 21 32 43 0 1
5 5 13 14 20 30 40 12 0
5 5 10 23 24 30 40 12 0
5 4 10 21 30 43 24 0
5 4 13 20 34 40 12 0
5 5 13 14 24 30 40 12 0
5 4 10 23 34 40 12 0
5 5 14 23 24 30 40 12 0
5 6 13 14 23 24 30 40 12 0
5 4 13 24 34 40 12 0
5 4 14 23 34 40 12 0
5 4 13 23 34 40 12 0
5 4 10 20 30 41 423 0
5 4 10 20 30 41 243 0
5 4 10 20 30 41 234 0
5 4 10 20 31 41 342 0
5 4 10 20 31 41 324 0
5 4 10 20 31 41 234 0
5 4 10 21 31 41 234 0
5 4 10 20 30 40 1234 0
5 5 02 03 04 31 41 0 12
5 5 01 03 04 32 42 0 12
5 4 01 03 12 34 0 24
5 4 02 04 31 43 0 12
5 5 03 04 31 41 42 0 12
5 4 01 04 32 43 0 12
5 5 03 04 32 41 42 0 12
5 6 03 04 31 32 41 42 0 12
5 4 04 31 42 43 0 12
5 4 04 32 41 43 0 12
5 4 04 31 32 43 0 12
5 3 01 23 34 02 14
5 3 01 12 34 03 24
5 4 03 04 32 42 01 21
5 4 03 04 12 42 01 23
5 4 03 04 32 42 01 12
5 4 02 04 13 43 01 23
5 4 02 04 14 23 01 34
5 4 02 03 12 34 01 24
5 4 13 14 32 42 01 20
5 4 02 13 14 42 01 23
5 4 13 14 32 42 01 02
5 4 03 12 14 43 01 23
5 4 04 12 14 23 01 34
5 4 02 12 13 34 01 24
5 4 04 10 23 24 12 43
5 4 04 10 23 24 12 34
5 4 01 04 24 32 03 41
5 4 01 04 24 32 03 14
5 3 04 32 43 01 21
5 4 03 04 14 42 01 23
5 4 04 12 42 43 01 23
5 5 03 04 12 13 42 01 23
5 3 04 32 43 01 12
5 4 02 04 14 43 01 23
5 4 04 13 42 43 01 23
5 5 02 04 12 13 43 01 23
5 3 14 32 43 01 20
5 4 04 13 14 42 01 23
5 4 02 14 42 43 01 23
5 5 02 03 13 14 42 01 23
5 3 14 32 43 01 02
5 4 04 12 14 43 01 23
5 4 03 14 42 43 01 23
5 5 02 03 12 14 43 01 23
5 5 02 03 12 13 24 01 43
5 5 02 03 12 13 24 01 34
5 5 04 12 13 42 43 01 23
5 5 02 03 14 42 43 01 23
5 4 02 12 23 24 01 34
5 3 10 32 42 134 02
5 3 10 20 43 124 03
5 3 24 30 40 231 01
5 3 24 30 40 213 01
5 4 20 21 30 40 234 01
5 3 20 34 40 231 01
5 3 24 30 40 123 01
5 4 20 30 31 40 234 01
5 3 20 34 40 213 01
5 3 20 34 40 123 01
5 4 20 30 40 41 234 01
5 3 24 31 41 230 01
5 3 24 31 41 203 01
5 4 20 21 31 41 234 01
5 3 21 34 41 230 01
5 3 24 31 41 023 01
5 4 21 30 31 41 234 01
5 3 21 34 41 203 01
5 3 21 34 41 023 01
5 4 21 31 40 41 234 01
5 4 10 32 40 42 413 02
5 4 10 32 40 42 143 02
5 4 10 32 40 42 134 02
5 3 24 34 40 231 01
5 5 20 21 30 31 40 234 01
5 3 24 34 40 213 01
5 5 20 21 30 40 41 234 01
5 3 24 34 40 123 01
5 5 20 30 31 40 41 234 01
5 3 24 34 41 230 01
5 5 20 21 30 31 41 234 01
5 3 24 34 41 203 01
5 5 20 21 31 40 41 234 01
5 3 24 34 41 023 01
5 5 21 30 31 40 41 234 01
5 6 20 21 30 31 40 41 234 01
5 3 20 30 40 2341 01
5 3 20 30 40 2314 01
5 3 20 30 40 2134 01
5 3 20 30 40 1234 01
5 3 21 31 41 2340 01
5 3 21 31 41 2304 01
5 3 21 31 41 2034 01
5 3 21 31 41 0234 01
5 4 01 02 03 14 0 423
5 4 01 02 03 14 0 243
5 4 01 02 03 14 0 234
5 4 01 02 13 14 0 342
5 4 01 02 13 14 0 324
5 4 01 02 13 14 0 234
5 4 01 12 13 14 0 234
5 3 01 23 24 02 134
5 3 01 02 34 03 124
5 3 03 04 42 01 231
5 3 03 04 42 01 213
5 4 02 03 04 12 01 234
5 3 02 04 43 01 231
5 3 03 04 42 01 123
5 4 02 03 04 13 01 234
5 3 02 04 43 01 213
5 3 02 04 43 01 123
5 4 02 03 04 14 01 234
5 3 13 14 42 01 230
5 3 13 14 42 01 203
5 4 02 12 13 14 01 234
5 3 12 14 43 01 230
5 3 13 14 42 01 023
5 4 03 12 13 14 01 234
5 3 12 14 43 01 203
5 3 12 14 43 01 023
5 4 04 12 13 14 01 234
5 4 01 04 23 24 02 413
5 4 01 04 23 24 02 143
5 4 01 04 23 24 02 134
5 3 04 42 43 01 231
5 5 02 03 04 12 13 01 234
5 3 04 42 43 01 213
5 5 02 03 04 12 14 01 234
5 3 04 42 43 01 123
5 5 02 03 04 13 14 01 234
5 3 14 42 43 01 230
5 5 02 03 12 13 14 01 234
5 3 14 42 43 01 203
5 5 02 04 12 13 14 01 234
5 3 14 42 43 01 023
5 5 03 04 12 13 14 01 234
5 6 02 03 04 12 13 14 01 234
5 2 12 34 013 024
5 2 01 24 023 143
5 2 01 24 023 134
5 2 01 34 023 142
5 2 01 34 023 124
5 2 02 34 013 124
5 2 12 34 013 204
5 2 04 43 012 312
5 3 03 04 13 012 342
5 3 03 04 13 012 324
5 3 03 04 23 012 341
5 3 03 04 23 012 314
5 2 04 43 012 132
5 3 03 04 14 012 342
5 3 03 04 13 012 234
5 3 03 04 24 012 341
5 3 03 04 23 012 134
5 2 04 43 012 123
5 3 03 04 14 012 324
5 3 03 04 14 012 234
5 3 03 04 24 012 314
5 3 03 04 24 012 134
5 2 14 43 012 302
5 3 03 13 14 012 342
5 3 03 13 14 012 324
5 3 13 14 23 012 340
5 3 13 14 23 012 304
5 2 14 43 012 032
5 3 04 13 14 012 342
5 3 03 13 14 012 234
5 3 13 14 24 012 340
5 3 13 14 23 012 034
5 2 14 43 012 023
5 3 04 13 14 012 324
5 3 04 13 14 012 234
5 3 13 14 24 012 304
5 3 13 14 24 012 034
5 2 24 43 012 301
5 3 03 23 24 012 341
5 3 03 23 24 012 314
5 3 13 23 24 012 340
5 3 13 23 24 012 304
5 2 24 43 012 031
5 3 04 23 24 012 341
5 3 03 23 24 012 134
5 3 14 23 24 012 340
5 3 13 23 24 012 034
5 2 24 43 012 013
5 3 04 23 24 012 314
5 3 04 23 24 012 134
5 3 14 23 24 012 304
5 3 14 23 24 012 034
5 4 03 04 13 14 012 342
5 4 03 04 13 14 012 324
5 4 03 04 13 14 012 234
5 4 03 04 23 24 012 341
5 4 03 04 23 24 012 314
5 4 03 04 23 24 012 134
5 4 13 14 23 24 012 340
5 4 13 14 23 24 012 304
5 4 13 14 23 24 012 034
5 2 30 40 3412 012
5 2 30 40 3142 012
5 2 30 40 3124 012
5 2 30 40 1342 012
5 2 30 40 1324 012
5 2 30 40 1234 012
5 2 31 41 3402 012
5 2 31 41 3042 012
5 2 31 41 3024 012
5 2 31 41 0342 012
5 2 31 41 0324 012
5 2 31 41 0234 012
5 2 32 42 3401 012
5 2 32 42 3041 012
5 2 32 42 3014 012
5 2 32 42 0341 012
5 2 32 42 0314 012
5 2 32 42 0134 012
5 4 01 02 03 04 0 1234
5 3 02 03 04 01 2341
5 3 02 03 04 01 2314
5 3 02 03 04 01 2134
5 3 02 03 04 01 1234
5 3 12 13 14 01 2340
5 3 12 13 14 01 2304
5 3 12 13 14 01 2034
5 3 12 13 14 01 0234
5 2 03 04 012 3412
5 2 03 04 012 3142
5 2 03 04 012 3124
5 2 03 04 012 1342
5 2 03 04 012 1324
5 2 03 04 012 1234
5 2 13 14 012 3402
5 2 13 14 012 3042
5 2 13 14 012 3024
5 2 13 14 012 0342
5 2 13 14 012 0324
5 2 13 14 012 0234
5 2 23 24 012 3401
5 2 23 24 012 3041
5 2 23 24 012 3014
5 2 23 24 012 0341
5 2 23 24 012 0314
5 2 23 24 012 0134
5 1 04 0123 4123
5 1 04 0123 1423
5 1 04 0123 1243
5 1 04 0123 1234
5 1 14 0123 4023
5 1 14 0123 0423
5 1 14 0123 0243
5 1 14 0123 0234
5 1 24 0123 4013
5 1 24 0123 0413
5 1 24 0123 0143
5 1 24 0123 0134
5 1 34 0123 4012
5 1 34 0123 0412
5 1 34 0123 0142
5 1 34 0123 0124
5 0 01234 01234
