3 0
3 1 12
3 2 01 02
3 2 01 12
3 2 02 12
3 0 0
3 1 21 0
3 1 21 2
3 2 10 20 1
3 2 10 21 2
3 2 20 21 2
3 0 01
3 1 21 02
3 1 21 20
3 2 10 20 12
3 0 012
3 0 - 0
3 1 12 - 0
3 1 12 - 2
3 2 01 02 - 1
3 2 01 12 - 2
3 2 02 12 - 2
3 0 0 0
3 0 0 1
3 1 12 0 0
3 1 12 1 0
3 1 12 0 2
3 1 12 1 2
3 2 01 02 0 1
3 2 01 12 0 2
3 2 02 12 0 2
3 0 01 0
3 0 10 0
3 0 12 0
3 1 21 02 0
3 1 21 02 1
3 1 21 20 0
3 1 21 20 1
3 2 10 20 12 0
3 0 012 0
3 0 102 0
3 0 120 0
3 0 - 01
3 1 12 - 02
3 1 12 - 20
3 2 01 02 - 12
3 0 0 01
3 0 0 10
3 0 0 12
3 1 12 0 02
3 1 12 1 02
3 1 12 0 20
3 1 12 1 20
3 2 01 02 0 12
3 0 01 01
3 0 01 02
3 0 01 10
3 0 01 12
3 0 01 20
3 0 01 21
3 1 12 01 02
3 1 12 10 02
3 1 12 01 20
3 1 12 10 20
3 0 012 01
3 0 021 01
3 0 102 01
3 0 120 01
3 0 201 01
3 0 210 01
3 0 - 012
3 0 0 012
3 0 0 102
3 0 0 120
3 0 01 012
3 0 01 021
3 0 01 102
3 0 01 120
3 0 01 201
3 0 01 210
3 0 012 012
3 0 012 021
3 0 012 102
3 0 012 120
3 0 012 201
3 0 012 210
