5 0
5 1 34
5 2 13 24
5 2 23 24
5 2 23 34
5 2 24 34
5 3 02 03 14
5 3 02 13 34
5 3 03 14 23
5 3 12 13 14
5 3 12 13 34
5 3 12 23 24
5 3 12 23 34
5 3 13 14 23
5 3 13 23 34
5 3 14 23 34
5 3 14 24 34
5 4 01 02 03 04
5 4 01 02 03 34
5 4 01 02 13 24
5 4 01 02 23 24
5 4 01 02 23 34
5 4 01 12 13 14
5 4 01 12 13 34
5 4 01 12 23 24
5 4 01 12 23 34
5 4 02 03 04 12
5 4 02 03 12 14
5 4 02 04 13 34
5 4 02 12 13 34
5 4 02 12 23 24
5 4 02 12 23 34
5 4 02 13 24 34
5 4 03 04 13 23
5 4 03 04 13 24
5 4 03 12 13 34
5 4 03 12 23 24
5 4 03 12 23 34
5 4 03 13 23 34
5 4 04 12 13 34
5 4 04 12 23 34
5 4 04 13 23 34
5 4 04 14 23 34
5 4 04 14 24 34
5 4 12 13 24 34
5 4 13 14 23 24
5 5 01 02 03 24 34
5 5 01 02 13 14 23
5 5 01 02 13 23 34
5 5 01 02 14 23 34
5 5 01 12 13 24 34
5 5 02 03 04 12 13
5 5 02 03 12 13 34
5 5 02 03 12 24 34
5 5 02 04 12 13 34
5 5 03 04 12 23 24
5 5 03 04 13 14 23
5 5 04 12 13 24 34
5 6 01 02 03 14 24 34
5 6 01 02 13 14 23 24
5 6 02 03 04 12 13 14
5 6 02 03 12 13 24 34
5 6 03 04 13 14 23 24
5 0 0
5 1 43 0
5 1 43 4
5 2 31 42 0
5 2 31 42 3
5 2 32 42 0
5 2 32 42 3
5 2 32 43 0
5 2 32 43 4
5 2 42 43 0
5 2 42 43 4
5 3 20 30 41 2
5 3 20 30 41 4
5 3 20 31 43 2
5 3 20 31 43 4
5 3 30 32 41 3
5 3 30 32 41 4
5 3 21 31 41 0
5 3 21 31 41 2
5 3 21 31 43 0
5 3 21 31 43 2
5 3 21 31 43 4
5 3 21 32 42 0
5 3 21 32 42 3
5 3 21 32 43 0
5 3 21 32 43 4
5 3 31 32 41 0
5 3 31 32 41 3
5 3 31 32 41 4
5 3 31 32 43 0
5 3 31 32 43 4
5 3 32 41 43 0
5 3 32 41 43 4
5 3 41 42 43 0
5 3 41 42 43 4
5 4 10 20 30 40 1
5 4 10 20 30 43 1
5 4 10 20 30 43 4
5 4 10 20 31 42 3
5 4 10 20 32 42 1
5 4 10 20 32 42 3
5 4 10 20 32 43 1
5 4 10 20 32 43 4
5 4 10 21 31 41 2
5 4 10 21 31 43 2
5 4 10 21 31 43 4
5 4 10 21 32 42 3
5 4 10 21 32 43 4
5 4 20 21 30 40 2
5 4 20 21 30 40 3
5 4 20 21 30 41 2
5 4 20 21 30 41 3
5 4 20 31 40 43 2
5 4 20 31 40 43 4
5 4 20 21 31 43 2
5 4 20 21 31 43 4
5 4 20 21 32 42 3
5 4 20 21 32 43 4
5 4 20 31 42 43 4
5 4 30 31 32 40 3
5 4 30 31 32 40 4
5 4 30 31 40 42 3
5 4 21 30 31 43 2
5 4 21 30 31 43 4
5 4 21 30 32 42 3
5 4 21 30 32 42 4
5 4 21 30 32 43 4
5 4 30 31 32 43 4
5 4 21 31 40 43 2
5 4 21 31 40 43 4
5 4 21 32 40 43 4
5 4 31 32 40 43 4
5 4 32 40 41 43 4
5 4 40 41 42 43 4
5 4 21 31 42 43 0
5 4 21 31 42 43 4
5 4 31 32 41 42 0
5 4 31 32 41 42 3
5 5 10 20 30 42 43 1
5 5 10 20 30 42 43 4
5 5 10 20 31 32 41 3
5 5 10 20 31 32 41 4
5 5 10 20 31 32 43 4
5 5 10 20 32 41 43 4
5 5 10 21 31 42 43 4
5 5 20 21 30 31 40 2
5 5 20 21 30 31 40 4
5 5 20 21 30 31 43 2
5 5 20 21 30 31 43 4
5 5 20 21 30 42 43 4
5 5 20 21 31 40 43 2
5 5 20 21 31 40 43 4
5 5 21 30 32 40 42 3
5 5 30 31 32 40 41 3
5 5 30 31 32 40 41 4
5 5 21 31 40 42 43 4
5 6 10 20 30 41 42 43 4
5 6 10 20 31 32 41 42 3
5 6 20 21 30 31 40 41 2
5 6 20 21 30 31 42 43 4
5 6 30 31 32 40 41 42 3
5 0 01
5 1 43 01
5 1 43 04
5 1 43 40
5 2 31 42 03
5 2 31 42 30
5 2 31 42 34
5 2 32 42 01
5 2 32 42 03
5 2 32 42 30
5 2 32 42 34
5 2 32 43 01
5 2 32 43 04
5 2 32 43 40
5 2 42 43 01
5 2 42 43 04
5 2 42 43 40
5 3 20 30 41 23
5 3 20 30 41 24
5 3 20 30 41 42
5 3 20 31 43 24
5 3 20 31 43 42
5 3 30 32 41 34
5 3 30 32 41 43
5 3 21 31 41 02
5 3 21 31 41 20
5 3 21 31 41 23
5 3 21 31 43 02
5 3 21 31 43 04
5 3 21 31 43 20
5 3 21 31 43 24
5 3 21 31 43 40
5 3 21 31 43 42
5 3 21 32 42 03
5 3 21 32 42 30
5 3 21 32 42 34
5 3 21 32 43 04
5 3 21 32 43 40
5 3 31 32 41 03
5 3 31 32 41 04
5 3 31 32 41 30
5 3 31 32 41 34
5 3 31 32 41 40
5 3 31 32 41 43
5 3 31 32 43 04
5 3 31 32 43 40
5 3 32 41 43 04
5 3 32 41 43 40
5 3 41 42 43 04
5 3 41 42 43 40
5 4 10 20 30 40 12
5 4 10 20 30 43 12
5 4 10 20 30 43 14
5 4 10 20 30 43 41
5 4 10 20 31 42 34
5 4 10 20 32 42 13
5 4 10 20 32 42 31
5 4 10 20 32 42 34
5 4 10 20 32 43 14
5 4 10 20 32 43 41
5 4 10 21 31 41 23
5 4 10 21 31 43 24
5 4 10 21 31 43 42
5 4 10 21 32 42 34
5 4 20 21 30 40 23
5 4 20 21 30 40 32
5 4 20 21 30 40 34
5 4 20 21 30 41 23
5 4 20 21 30 41 32
5 4 20 21 30 41 34
5 4 20 31 40 43 24
5 4 20 31 40 43 42
5 4 20 21 31 43 24
5 4 20 21 31 43 42
5 4 20 21 32 42 34
5 4 30 31 32 40 34
5 4 30 31 32 40 43
5 4 30 31 40 42 34
5 4 21 30 31 43 24
5 4 21 30 31 43 42
5 4 21 30 32 42 34
5 4 21 30 32 42 43
5 4 21 31 40 43 24
5 4 21 31 40 43 42
5 4 21 31 42 43 04
5 4 21 31 42 43 40
5 4 31 32 41 42 03
5 4 31 32 41 42 30
5 4 31 32 41 42 34
5 5 10 20 30 42 43 14
5 5 10 20 30 42 43 41
5 5 10 20 31 32 41 34
5 5 10 20 31 32 41 43
5 5 20 21 30 31 40 23
5 5 20 21 30 31 40 24
5 5 20 21 30 31 40 42
5 5 20 21 30 31 43 24
5 5 20 21 30 31 43 42
5 5 20 21 31 40 43 24
5 5 20 21 31 40 43 42
5 5 21 30 32 40 42 34
5 5 30 31 32 40 41 34
5 5 30 31 32 40 41 43
5 6 10 20 31 32 41 42 34
5 6 20 21 30 31 40 41 23
5 6 30 31 32 40 41 42 34
5 0 012
5 1 43 012
5 1 43 014
5 1 43 041
5 1 43 401
5 2 31 42 034
5 2 31 42 304
5 2 31 42 340
5 2 32 42 013
5 2 32 42 031
5 2 32 42 034
5 2 32 42 301
5 2 32 42 304
5 2 32 42 340
5 2 32 43 014
5 2 32 43 041
5 2 32 43 401
5 2 42 43 014
5 2 42 43 041
5 2 42 43 401
5 3 20 30 41 234
5 3 20 30 41 243
5 3 20 30 41 423
5 3 21 31 41 023
5 3 21 31 41 203
5 3 21 31 41 230
5 3 21 31 41 234
5 3 21 31 43 024
5 3 21 31 43 042
5 3 21 31 43 204
5 3 21 31 43 240
5 3 21 31 43 402
5 3 21 31 43 420
5 3 21 32 42 034
5 3 21 32 42 304
5 3 21 32 42 340
5 3 31 32 41 034
5 3 31 32 41 043
5 3 31 32 41 304
5 3 31 32 41 340
5 3 31 32 41 403
5 3 31 32 41 430
5 4 10 20 30 40 123
5 4 10 20 30 43 124
5 4 10 20 30 43 142
5 4 10 20 30 43 412
5 4 10 20 32 42 134
5 4 10 20 32 42 314
5 4 10 20 32 42 341
5 4 10 21 31 41 234
5 4 20 21 30 40 234
5 4 20 21 30 40 324
5 4 20 21 30 40 342
5 4 20 21 30 41 234
5 4 20 21 30 41 324
5 4 20 21 30 41 342
5 4 31 32 41 42 034
5 4 31 32 41 42 304
5 4 31 32 41 42 340
5 5 20 21 30 31 40 234
5 5 20 21 30 31 40 243
5 5 20 21 30 31 40 423
5 6 20 21 30 31 40 41 234
5 0 0123
5 1 43 0124
5 1 43 0142
5 1 43 0412
5 1 43 4012
5 2 32 42 0134
5 2 32 42 0314
5 2 32 42 0341
5 2 32 42 3014
5 2 32 42 3041
5 2 32 42 3401
5 3 21 31 41 0234
5 3 21 31 41 2034
5 3 21 31 41 2304
5 3 21 31 41 2340
5 4 10 20 30 40 1234
5 0 01234
5 0 - 0
5 1 34 - 0
5 1 34 - 4
5 2 13 24 - 0
5 2 13 24 - 3
5 2 23 24 - 0
5 2 23 24 - 3
5 2 23 34 - 0
5 2 23 34 - 4
5 2 24 34 - 0
5 2 24 34 - 4
5 3 02 03 14 - 2
5 3 02 03 14 - 4
5 3 02 13 34 - 2
5 3 02 13 34 - 4
5 3 03 14 23 - 3
5 3 03 14 23 - 4
5 3 12 13 14 - 0
5 3 12 13 14 - 2
5 3 12 13 34 - 0
5 3 12 13 34 - 2
5 3 12 13 34 - 4
5 3 12 23 24 - 0
5 3 12 23 24 - 3
5 3 12 23 34 - 0
5 3 12 23 34 - 4
5 3 13 14 23 - 0
5 3 13 14 23 - 3
5 3 13 14 23 - 4
5 3 13 23 34 - 0
5 3 13 23 34 - 4
5 3 14 23 34 - 0
5 3 14 23 34 - 4
5 3 14 24 34 - 0
5 3 14 24 34 - 4
5 4 01 02 03 04 - 1
5 4 01 02 03 34 - 1
5 4 01 02 03 34 - 4
5 4 01 02 13 24 - 3
5 4 01 02 23 24 - 1
5 4 01 02 23 24 - 3
5 4 01 02 23 34 - 1
5 4 01 02 23 34 - 4
5 4 01 12 13 14 - 2
5 4 01 12 13 34 - 2
5 4 01 12 13 34 - 4
5 4 01 12 23 24 - 3
5 4 01 12 23 34 - 4
5 4 02 03 04 12 - 2
5 4 02 03 04 12 - 3
5 4 02 03 12 14 - 2
5 4 02 03 12 14 - 3
5 4 02 04 13 34 - 2
5 4 02 04 13 34 - 4
5 4 02 12 13 34 - 2
5 4 02 12 13 34 - 4
5 4 02 12 23 24 - 3
5 4 02 12 23 34 - 4
5 4 02 13 24 34 - 4
5 4 03 04 13 23 - 3
5 4 03 04 13 23 - 4
5 4 03 04 13 24 - 3
5 4 03 12 13 34 - 2
5 4 03 12 13 34 - 4
5 4 03 12 23 24 - 3
5 4 03 12 23 24 - 4
5 4 03 12 23 34 - 4
5 4 03 13 23 34 - 4
5 4 04 12 13 34 - 2
5 4 04 12 13 34 - 4
5 4 04 12 23 34 - 4
5 4 04 13 23 34 - 4
5 4 04 14 23 34 - 4
5 4 04 14 24 34 - 4
5 4 12 13 24 34 - 0
5 4 12 13 24 34 - 4
5 4 13 14 23 24 - 0
5 4 13 14 23 24 - 3
5 5 01 02 03 24 34 - 1
5 5 01 02 03 24 34 - 4
5 5 01 02 13 14 23 - 3
5 5 01 02 13 14 23 - 4
5 5 01 02 13 23 34 - 4
5 5 01 02 14 23 34 - 4
5 5 01 12 13 24 34 - 4
5 5 02 03 04 12 13 - 2
5 5 02 03 04 12 13 - 4
5 5 02 03 12 13 34 - 2
5 5 02 03 12 13 34 - 4
5 5 02 03 12 24 34 - 4
5 5 02 04 12 13 34 - 2
5 5 02 04 12 13 34 - 4
5 5 03 04 12 23 24 - 3
5 5 03 04 13 14 23 - 3
5 5 03 04 13 14 23 - 4
5 5 04 12 13 24 34 - 4
5 6 01 02 03 14 24 34 - 4
5 6 01 02 13 14 23 24 - 3
5 6 02 03 04 12 13 14 - 2
5 6 02 03 12 13 24 34 - 4
5 6 03 04 13 14 23 24 - 3
5 0 0 0
5 0 0 1
5 1 34 0 0
5 1 34 1 0
5 1 34 3 0
5 1 34 0 4
5 1 34 3 4
5 2 13 24 0 0
5 2 13 24 1 0
5 2 13 24 0 3
5 2 13 24 1 3
5 2 13 24 2 3
5 2 23 24 0 0
5 2 23 24 1 0
5 2 23 24 2 0
5 2 23 24 0 3
5 2 23 24 2 3
5 2 23 34 0 0
5 2 23 34 1 0
5 2 23 34 2 0
5 2 23 34 0 4
5 2 23 34 2 4
5 2 24 34 0 0
5 2 24 34 1 0
5 2 24 34 2 0
5 2 24 34 0 4
5 2 24 34 2 4
5 3 02 03 14 0 2
5 3 02 03 14 1 2
5 3 02 03 14 0 4
5 3 02 03 14 1 4
5 3 02 13 34 0 2
5 3 02 13 34 1 2
5 3 02 13 34 0 4
5 3 02 13 34 1 4
5 3 03 14 23 0 3
5 3 03 14 23 1 3
5 3 03 14 23 0 4
5 3 03 14 23 1 4
5 3 12 13 14 0 0
5 3 12 13 14 1 0
5 3 12 13 14 0 2
5 3 12 13 14 1 2
5 3 12 13 34 0 0
5 3 12 13 34 1 0
5 3 12 13 34 0 2
5 3 12 13 34 1 2
5 3 12 13 34 0 4
5 3 12 13 34 1 4
5 3 12 23 24 0 0
5 3 12 23 24 1 0
5 3 12 23 24 0 3
5 3 12 23 24 1 3
5 3 12 23 34 0 0
5 3 12 23 34 1 0
5 3 12 23 34 0 4
5 3 12 23 34 1 4
5 3 13 14 23 0 0
5 3 13 14 23 1 0
5 3 13 14 23 2 0
5 3 13 14 23 0 3
5 3 13 14 23 1 3
5 3 13 14 23 2 3
5 3 13 14 23 0 4
5 3 13 14 23 1 4
5 3 13 14 23 2 4
5 3 13 23 34 0 0
5 3 13 23 34 1 0
5 3 13 23 34 0 4
5 3 13 23 34 1 4
5 3 14 23 34 0 0
5 3 14 23 34 1 0
5 3 14 23 34 2 0
5 3 14 23 34 0 4
5 3 14 23 34 1 4
5 3 14 23 34 2 4
5 3 14 24 34 0 0
5 3 14 24 34 1 0
5 3 14 24 34 0 4
5 3 14 24 34 1 4
5 4 01 02 03 04 0 1
5 4 01 02 03 34 0 1
5 4 01 02 03 34 0 4
5 4 01 02 13 24 0 3
5 4 01 02 23 24 0 1
5 4 01 02 23 24 0 3
5 4 01 02 23 34 0 1
5 4 01 02 23 34 0 4
5 4 01 12 13 14 0 2
5 4 01 12 13 34 0 2
5 4 01 12 13 34 0 4
5 4 01 12 23 24 0 3
5 4 01 12 23 34 0 4
5 4 02 03 04 12 0 2
5 4 02 03 04 12 1 2
5 4 02 03 04 12 0 3
5 4 02 03 04 12 1 3
5 4 02 03 12 14 0 2
5 4 02 03 12 14 0 3
5 4 02 03 12 14 1 3
5 4 02 04 13 34 0 2
5 4 02 04 13 34 1 2
5 4 02 04 13 34 0 4
5 4 02 04 13 34 1 4
5 4 02 12 13 34 0 2
5 4 02 12 13 34 1 2
5 4 02 12 13 34 0 4
5 4 02 12 13 34 1 4
5 4 02 12 23 24 0 3
5 4 02 12 23 34 0 4
5 4 02 13 24 34 0 4
5 4 03 04 13 23 0 3
5 4 03 04 13 23 1 3
5 4 03 04 13 23 0 4
5 4 03 04 13 23 1 4
5 4 03 04 13 24 0 3
5 4 03 04 13 24 1 3
5 4 03 04 13 24 2 3
5 4 03 12 13 34 0 2
5 4 03 12 13 34 1 2
5 4 03 12 13 34 0 4
5 4 03 12 13 34 1 4
5 4 03 12 23 24 0 3
5 4 03 12 23 24 1 3
5 4 03 12 23 24 0 4
5 4 03 12 23 24 1 4
5 4 03 12 23 34 0 4
5 4 03 12 23 34 1 4
5 4 03 13 23 34 0 4
5 4 04 12 13 34 0 2
5 4 04 12 13 34 1 2
5 4 04 12 13 34 0 4
5 4 04 12 13 34 1 4
5 4 04 12 23 34 0 4
5 4 04 12 23 34 1 4
5 4 04 13 23 34 0 4
5 4 04 13 23 34 1 4
5 4 04 14 23 34 0 4
5 4 04 14 23 34 2 4
5 4 04 14 24 34 0 4
5 4 12 13 24 34 0 0
5 4 12 13 24 34 1 0
5 4 12 13 24 34 0 4
5 4 12 13 24 34 1 4
5 4 13 14 23 24 0 0
5 4 13 14 23 24 1 0
5 4 13 14 23 24 0 3
5 4 13 14 23 24 1 3
5 5 01 02 03 24 34 0 1
5 5 01 02 03 24 34 0 4
5 5 01 02 13 14 23 0 3
5 5 01 02 13 14 23 0 4
5 5 01 02 13 23 34 0 4
5 5 01 02 14 23 34 0 4
5 5 01 12 13 24 34 0 4
5 5 02 03 04 12 13 0 2
5 5 02 03 04 12 13 1 2
5 5 02 03 04 12 13 0 4
5 5 02 03 04 12 13 1 4
5 5 02 03 12 13 34 0 2
5 5 02 03 12 13 34 0 4
5 5 02 03 12 24 34 0 4
5 5 02 03 12 24 34 1 4
5 5 02 04 12 13 34 0 2
5 5 02 04 12 13 34 1 2
5 5 02 04 12 13 34 0 4
5 5 02 04 12 13 34 1 4
5 5 03 04 12 23 24 0 3
5 5 03 04 12 23 24 1 3
5 5 03 04 13 14 23 0 3
5 5 03 04 13 14 23 2 3
5 5 03 04 13 14 23 0 4
5 5 03 04 13 14 23 2 4
5 5 04 12 13 24 34 0 4
5 5 04 12 13 24 34 1 4
5 6 01 02 03 14 24 34 0 4
5 6 01 02 13 14 23 24 0 3
5 6 02 03 04 12 13 14 0 2
5 6 02 03 12 13 24 34 0 4
5 6 03 04 13 14 23 24 0 3
5 0 01 0
5 0 10 0
5 0 12 0
5 1 43 01 0
5 1 43 01 1
5 1 43 01 2
5 1 43 01 3
5 1 43 04 0
5 1 43 04 1
5 1 43 04 3
5 1 43 40 0
5 1 43 40 1
5 1 43 40 3
5 2 31 42 03 0
5 2 31 42 03 1
5 2 31 42 03 2
5 2 31 42 30 0
5 2 31 42 30 1
5 2 31 42 30 2
5 2 31 42 34 0
5 2 31 42 34 1
5 2 31 42 34 2
5 2 32 42 01 0
5 2 32 42 01 1
5 2 32 42 01 2
5 2 32 42 03 0
5 2 32 42 03 1
5 2 32 42 03 2
5 2 32 42 30 0
5 2 32 42 30 1
5 2 32 42 30 2
5 2 32 42 34 0
5 2 32 42 34 2
5 2 32 43 01 0
5 2 32 43 01 1
5 2 32 43 01 2
5 2 32 43 04 0
5 2 32 43 04 1
5 2 32 43 04 2
5 2 32 43 40 0
5 2 32 43 40 1
5 2 32 43 40 2
5 2 42 43 01 0
5 2 42 43 01 1
5 2 42 43 01 2
5 2 42 43 04 0
5 2 42 43 04 1
5 2 42 43 04 2
5 2 42 43 40 0
5 2 42 43 40 1
5 2 42 43 40 2
5 3 20 30 41 23 0
5 3 20 30 41 23 1
5 3 20 30 41 24 0
5 3 20 30 41 24 1
5 3 20 30 41 42 0
5 3 20 30 41 42 1
5 3 20 31 43 24 0
5 3 20 31 43 24 1
5 3 20 31 43 42 0
5 3 20 31 43 42 1
5 3 30 32 41 34 0
5 3 30 32 41 34 1
5 3 30 32 41 43 0
5 3 30 32 41 43 1
5 3 21 31 41 02 0
5 3 21 31 41 02 1
5 3 21 31 41 20 0
5 3 21 31 41 20 1
5 3 21 31 41 23 0
5 3 21 31 41 23 1
5 3 21 31 43 02 0
5 3 21 31 43 02 1
5 3 21 31 43 04 0
5 3 21 31 43 04 1
5 3 21 31 43 20 0
5 3 21 31 43 20 1
5 3 21 31 43 24 0
5 3 21 31 43 24 1
5 3 21 31 43 40 0
5 3 21 31 43 40 1
5 3 21 31 43 42 0
5 3 21 31 43 42 1
5 3 21 32 42 03 0
5 3 21 32 42 03 1
5 3 21 32 42 30 0
5 3 21 32 42 30 1
5 3 21 32 42 34 0
5 3 21 32 42 34 1
5 3 21 32 43 04 0
5 3 21 32 43 04 1
5 3 21 32 43 40 0
5 3 21 32 43 40 1
5 3 31 32 41 03 0
5 3 31 32 41 03 1
5 3 31 32 41 03 2
5 3 31 32 41 04 0
5 3 31 32 41 04 1
5 3 31 32 41 04 2
5 3 31 32 41 30 0
5 3 31 32 41 30 1
5 3 31 32 41 30 2
5 3 31 32 41 34 0
5 3 31 32 41 34 1
5 3 31 32 41 34 2
5 3 31 32 41 40 0
5 3 31 32 41 40 1
5 3 31 32 41 40 2
5 3 31 32 41 43 0
5 3 31 32 41 43 1
5 3 31 32 41 43 2
5 3 31 32 43 04 0
5 3 31 32 43 04 1
5 3 31 32 43 40 0
5 3 31 32 43 40 1
5 3 32 41 43 04 0
5 3 32 41 43 04 1
5 3 32 41 43 04 2
5 3 32 41 43 40 0
5 3 32 41 43 40 1
5 3 32 41 43 40 2
5 3 41 42 43 04 0
5 3 41 42 43 04 1
5 3 41 42 43 40 0
5 3 41 42 43 40 1
5 4 10 20 30 40 12 0
5 4 10 20 30 43 12 0
5 4 10 20 30 43 14 0
5 4 10 20 30 43 41 0
5 4 10 20 31 42 34 0
5 4 10 20 32 42 13 0
5 4 10 20 32 42 31 0
5 4 10 20 32 42 34 0
5 4 10 20 32 43 14 0
5 4 10 20 32 43 41 0
5 4 10 21 31 41 23 0
5 4 10 21 31 43 24 0
5 4 10 21 31 43 42 0
5 4 10 21 32 42 34 0
5 4 20 21 30 40 23 0
5 4 20 21 30 40 23 1
5 4 20 21 30 40 32 0
5 4 20 21 30 40 32 1
5 4 20 21 30 40 34 0
5 4 20 21 30 40 34 1
5 4 20 21 30 41 23 0
5 4 20 21 30 41 23 1
5 4 20 21 30 41 32 0
5 4 20 21 30 41 32 1
5 4 20 21 30 41 34 0
5 4 20 21 30 41 34 1
5 4 20 31 40 43 24 0
5 4 20 31 40 43 24 1
5 4 20 31 40 43 42 0
5 4 20 31 40 43 42 1
5 4 20 21 31 43 24 0
5 4 20 21 31 43 24 1
5 4 20 21 31 43 42 0
5 4 20 21 31 43 42 1
5 4 20 21 32 42 34 0
5 4 30 31 32 40 34 0
5 4 30 31 32 40 34 1
5 4 30 31 32 40 43 0
5 4 30 31 32 40 43 1
5 4 30 31 40 42 34 0
5 4 30 31 40 42 34 1
5 4 30 31 40 42 34 2
5 4 21 30 31 43 24 0
5 4 21 30 31 43 24 1
5 4 21 30 31 43 42 0
5 4 21 30 31 43 42 1
5 4 21 30 32 42 34 0
5 4 21 30 32 42 34 1
5 4 21 30 32 42 43 0
5 4 21 30 32 42 43 1
5 4 21 31 40 43 24 0
5 4 21 31 40 43 24 1
5 4 21 31 40 43 42 0
5 4 21 31 40 43 42 1
5 4 21 31 42 43 04 0
5 4 21 31 42 43 04 1
5 4 21 31 42 43 40 0
5 4 21 31 42 43 40 1
5 4 31 32 41 42 03 0
5 4 31 32 41 42 03 1
5 4 31 32 41 42 30 0
5 4 31 32 41 42 30 1
5 4 31 32 41 42 34 0
5 4 31 32 41 42 34 1
5 5 10 20 30 42 43 14 0
5 5 10 20 30 42 43 41 0
5 5 10 20 31 32 41 34 0
5 5 10 20 31 32 41 43 0
5 5 20 21 30 31 40 23 0
5 5 20 21 30 31 40 23 1
5 5 20 21 30 31 40 24 0
5 5 20 21 30 31 40 24 1
5 5 20 21 30 31 40 42 0
5 5 20 21 30 31 40 42 1
5 5 20 21 30 31 43 24 0
5 5 20 21 30 31 43 42 0
5 5 20 21 31 40 43 24 0
5 5 20 21 31 40 43 24 1
5 5 20 21 31 40 43 42 0
5 5 20 21 31 40 43 42 1
5 5 21 30 32 40 42 34 0
5 5 21 30 32 40 42 34 1
5 5 30 31 32 40 41 34 0
5 5 30 31 32 40 41 34 2
5 5 30 31 32 40 41 43 0
5 5 30 31 32 40 41 43 2
5 6 10 20 31 32 41 42 34 0
5 6 20 21 30 31 40 41 23 0
5 6 30 31 32 40 41 42 34 0
5 0 012 0
5 0 102 0
5 0 120 0
5 0 123 0
5 1 43 012 0
5 1 43 012 1
5 1 43 012 2
5 1 43 012 3
5 1 43 014 0
5 1 43 014 1
5 1 43 014 2
5 1 43 014 3
5 1 43 041 0
5 1 43 041 1
5 1 43 041 2
5 1 43 041 3
5 1 43 401 0
5 1 43 401 1
5 1 43 401 2
5 1 43 401 3
5 2 31 42 034 0
5 2 31 42 034 1
5 2 31 42 034 2
5 2 31 42 304 0
5 2 31 42 304 1
5 2 31 42 304 2
5 2 31 42 340 0
5 2 31 42 340 1
5 2 31 42 340 2
5 2 32 42 013 0
5 2 32 42 013 1
5 2 32 42 013 2
5 2 32 42 031 0
5 2 32 42 031 1
5 2 32 42 031 2
5 2 32 42 034 0
5 2 32 42 034 1
5 2 32 42 034 2
5 2 32 42 301 0
5 2 32 42 301 1
5 2 32 42 301 2
5 2 32 42 304 0
5 2 32 42 304 1
5 2 32 42 304 2
5 2 32 42 340 0
5 2 32 42 340 1
5 2 32 42 340 2
5 2 32 43 014 0
5 2 32 43 014 1
5 2 32 43 014 2
5 2 32 43 041 0
5 2 32 43 041 1
5 2 32 43 041 2
5 2 32 43 401 0
5 2 32 43 401 1
5 2 32 43 401 2
5 2 42 43 014 0
5 2 42 43 014 1
5 2 42 43 014 2
5 2 42 43 041 0
5 2 42 43 041 1
5 2 42 43 041 2
5 2 42 43 401 0
5 2 42 43 401 1
5 2 42 43 401 2
5 3 20 30 41 234 0
5 3 20 30 41 234 1
5 3 20 30 41 243 0
5 3 20 30 41 243 1
5 3 20 30 41 423 0
5 3 20 30 41 423 1
5 3 21 31 41 023 0
5 3 21 31 41 023 1
5 3 21 31 41 203 0
5 3 21 31 41 203 1
5 3 21 31 41 230 0
5 3 21 31 41 230 1
5 3 21 31 41 234 0
5 3 21 31 41 234 1
5 3 21 31 43 024 0
5 3 21 31 43 024 1
5 3 21 31 43 042 0
5 3 21 31 43 042 1
5 3 21 31 43 204 0
5 3 21 31 43 204 1
5 3 21 31 43 240 0
5 3 21 31 43 240 1
5 3 21 31 43 402 0
5 3 21 31 43 402 1
5 3 21 31 43 420 0
5 3 21 31 43 420 1
5 3 21 32 42 034 0
5 3 21 32 42 034 1
5 3 21 32 42 304 0
5 3 21 32 42 304 1
5 3 21 32 42 340 0
5 3 21 32 42 340 1
5 3 31 32 41 034 0
5 3 31 32 41 034 1
5 3 31 32 41 034 2
5 3 31 32 41 043 0
5 3 31 32 41 043 1
5 3 31 32 41 043 2
5 3 31 32 41 304 0
5 3 31 32 41 304 1
5 3 31 32 41 304 2
5 3 31 32 41 340 0
5 3 31 32 41 340 1
5 3 31 32 41 340 2
5 3 31 32 41 403 0
5 3 31 32 41 403 1
5 3 31 32 41 403 2
5 3 31 32 41 430 0
5 3 31 32 41 430 1
5 3 31 32 41 430 2
5 4 10 20 30 40 123 0
5 4 10 20 30 43 124 0
5 4 10 20 30 43 142 0
5 4 10 20 30 43 412 0
5 4 10 20 32 42 134 0
5 4 10 20 32 42 314 0
5 4 10 20 32 42 341 0
5 4 10 21 31 41 234 0
5 4 20 21 30 40 234 0
5 4 20 21 30 40 234 1
5 4 20 21 30 40 324 0
5 4 20 21 30 40 324 1
5 4 20 21 30 40 342 0
5 4 20 21 30 40 342 1
5 4 20 21 30 41 234 0
5 4 20 21 30 41 234 1
5 4 20 21 30 41 324 0
5 4 20 21 30 41 324 1
5 4 20 21 30 41 342 0
5 4 20 21 30 41 342 1
5 4 31 32 41 42 034 0
5 4 31 32 41 42 034 1
5 4 31 32 41 42 304 0
5 4 31 32 41 42 304 1
5 4 31 32 41 42 340 0
5 4 31 32 41 42 340 1
5 5 20 21 30 31 40 234 0
5 5 20 21 30 31 40 234 1
5 5 20 21 30 31 40 243 0
5 5 20 21 30 31 40 243 1
5 5 20 21 30 31 40 423 0
5 5 20 21 30 31 40 423 1
5 6 20 21 30 31 40 41 234 0
5 0 0123 0
5 0 1023 0
5 0 1203 0
5 0 1230 0
5 0 1234 0
5 1 43 0124 0
5 1 43 0124 1
5 1 43 0124 2
5 1 43 0124 3
5 1 43 0142 0
5 1 43 0142 1
5 1 43 0142 2
5 1 43 0142 3
5 1 43 0412 0
5 1 43 0412 1
5 1 43 0412 2
5 1 43 0412 3
5 1 43 4012 0
5 1 43 4012 1
5 1 43 4012 2
5 1 43 4012 3
5 2 32 42 0134 0
5 2 32 42 0134 1
5 2 32 42 0134 2
5 2 32 42 0314 0
5 2 32 42 0314 1
5 2 32 42 0314 2
5 2 32 42 0341 0
5 2 32 42 0341 1
5 2 32 42 0341 2
5 2 32 42 3014 0
5 2 32 42 3014 1
5 2 32 42 3014 2
5 2 32 42 3041 0
5 2 32 42 3041 1
5 2 32 42 3041 2
5 2 32 42 3401 0
5 2 32 42 3401 1
5 2 32 42 3401 2
5 3 21 31 41 0234 0
5 3 21 31 41 0234 1
5 3 21 31 41 2034 0
5 3 21 31 41 2034 1
5 3 21 31 41 2304 0
5 3 21 31 41 2304 1
5 3 21 31 41 2340 0
5 3 21 31 41 2340 1
5 4 10 20 30 40 1234 0
5 0 01234 0
5 0 10234 0
5 0 12034 0
5 0 12304 0
5 0 12340 0
5 0 - 01
5 1 34 - 01
5 1 34 - 04
5 1 34 - 40
5 2 13 24 - 03
5 2 13 24 - 30
5 2 13 24 - 34
5 2 23 24 - 01
5 2 23 24 - 03
5 2 23 24 - 30
5 2 23 24 - 34
5 2 23 34 - 01
5 2 23 34 - 04
5 2 23 34 - 40
5 2 24 34 - 01
5 2 24 34 - 04
5 2 24 34 - 40
5 3 02 03 14 - 23
5 3 02 03 14 - 24
5 3 02 03 14 - 42
5 3 02 13 34 - 24
5 3 02 13 34 - 42
5 3 03 14 23 - 34
5 3 03 14 23 - 43
5 3 12 13 14 - 02
5 3 12 13 14 - 20
5 3 12 13 14 - 23
5 3 12 13 34 - 02
5 3 12 13 34 - 04
5 3 12 13 34 - 20
5 3 12 13 34 - 24
5 3 12 13 34 - 40
5 3 12 13 34 - 42
5 3 12 23 24 - 03
5 3 12 23 24 - 30
5 3 12 23 24 - 34
5 3 12 23 34 - 04
5 3 12 23 34 - 40
5 3 13 14 23 - 03
5 3 13 14 23 - 04
5 3 13 14 23 - 30
5 3 13 14 23 - 34
5 3 13 14 23 - 40
5 3 13 14 23 - 43
5 3 13 23 34 - 04
5 3 13 23 34 - 40
5 3 14 23 34 - 04
5 3 14 23 34 - 40
5 3 14 24 34 - 04
5 3 14 24 34 - 40
5 4 01 02 03 04 - 12
5 4 01 02 03 34 - 12
5 4 01 02 03 34 - 14
5 4 01 02 03 34 - 41
5 4 01 02 13 24 - 34
5 4 01 02 23 24 - 13
5 4 01 02 23 24 - 31
5 4 01 02 23 24 - 34
5 4 01 02 23 34 - 14
5 4 01 02 23 34 - 41
5 4 01 12 13 14 - 23
5 4 01 12 13 34 - 24
5 4 01 12 13 34 - 42
5 4 01 12 23 24 - 34
5 4 02 03 04 12 - 23
5 4 02 03 04 12 - 32
5 4 02 03 04 12 - 34
5 4 02 03 12 14 - 23
5 4 02 03 12 14 - 32
5 4 02 03 12 14 - 34
5 4 02 04 13 34 - 24
5 4 02 04 13 34 - 42
5 4 02 12 13 34 - 24
5 4 02 12 13 34 - 42
5 4 02 12 23 24 - 34
5 4 03 04 13 23 - 34
5 4 03 04 13 23 - 43
5 4 03 04 13 24 - 34
5 4 03 12 13 34 - 24
5 4 03 12 13 34 - 42
5 4 03 12 23 24 - 34
5 4 03 12 23 24 - 43
5 4 04 12 13 34 - 24
5 4 04 12 13 34 - 42
5 4 12 13 24 34 - 04
5 4 12 13 24 34 - 40
5 4 13 14 23 24 - 03
5 4 13 14 23 24 - 30
5 4 13 14 23 24 - 34
5 5 01 02 03 24 34 - 14
5 5 01 02 03 24 34 - 41
5 5 01 02 13 14 23 - 34
5 5 01 02 13 14 23 - 43
5 5 02 03 04 12 13 - 23
5 5 02 03 04 12 13 - 24
5 5 02 03 04 12 13 - 42
5 5 02 03 12 13 34 - 24
5 5 02 03 12 13 34 - 42
5 5 02 04 12 13 34 - 24
5 5 02 04 12 13 34 - 42
5 5 03 04 12 23 24 - 34
5 5 03 04 13 14 23 - 34
5 5 03 04 13 14 23 - 43
5 6 01 02 13 14 23 24 - 34
5 6 02 03 04 12 13 14 - 23
5 6 03 04 13 14 23 24 - 34
5 0 0 01
5 0 0 10
5 0 0 12
5 1 34 0 01
5 1 34 1 01
5 1 34 2 01
5 1 34 3 01
5 1 34 0 04
5 1 34 1 04
5 1 34 3 04
5 1 34 0 40
5 1 34 1 40
5 1 34 3 40
5 2 13 24 0 03
5 2 13 24 1 03
5 2 13 24 2 03
5 2 13 24 0 30
5 2 13 24 1 30
5 2 13 24 2 30
5 2 13 24 0 34
5 2 13 24 1 34
5 2 13 24 2 34
5 2 23 24 0 01
5 2 23 24 1 01
5 2 23 24 2 01
5 2 23 24 0 03
5 2 23 24 1 03
5 2 23 24 2 03
5 2 23 24 0 30
5 2 23 24 1 30
5 2 23 24 2 30
5 2 23 24 0 34
5 2 23 24 2 34
5 2 23 34 0 01
5 2 23 34 1 01
5 2 23 34 2 01
5 2 23 34 0 04
5 2 23 34 1 04
5 2 23 34 2 04
5 2 23 34 0 40
5 2 23 34 1 40
5 2 23 34 2 40
5 2 24 34 0 01
5 2 24 34 1 01
5 2 24 34 2 01
5 2 24 34 0 04
5 2 24 34 1 04
5 2 24 34 2 04
5 2 24 34 0 40
5 2 24 34 1 40
5 2 24 34 2 40
5 3 02 03 14 0 23
5 3 02 03 14 1 23
5 3 02 03 14 0 24
5 3 02 03 14 1 24
5 3 02 03 14 0 42
5 3 02 03 14 1 42
5 3 02 13 34 0 24
5 3 02 13 34 1 24
5 3 02 13 34 0 42
5 3 02 13 34 1 42
5 3 03 14 23 0 34
5 3 03 14 23 1 34
5 3 03 14 23 0 43
5 3 03 14 23 1 43
5 3 12 13 14 0 02
5 3 12 13 14 1 02
5 3 12 13 14 0 20
5 3 12 13 14 1 20
5 3 12 13 14 0 23
5 3 12 13 14 1 23
5 3 12 13 34 0 02
5 3 12 13 34 1 02
5 3 12 13 34 0 04
5 3 12 13 34 1 04
5 3 12 13 34 0 20
5 3 12 13 34 1 20
5 3 12 13 34 0 24
5 3 12 13 34 1 24
5 3 12 13 34 0 40
5 3 12 13 34 1 40
5 3 12 13 34 0 42
5 3 12 13 34 1 42
5 3 12 23 24 0 03
5 3 12 23 24 1 03
5 3 12 23 24 0 30
5 3 12 23 24 1 30
5 3 12 23 24 0 34
5 3 12 23 24 1 34
5 3 12 23 34 0 04
5 3 12 23 34 1 04
5 3 12 23 34 0 40
5 3 12 23 34 1 40
5 3 13 14 23 0 03
5 3 13 14 23 1 03
5 3 13 14 23 2 03
5 3 13 14 23 0 04
5 3 13 14 23 1 04
5 3 13 14 23 2 04
5 3 13 14 23 0 30
5 3 13 14 23 1 30
5 3 13 14 23 2 30
5 3 13 14 23 0 34
5 3 13 14 23 1 34
5 3 13 14 23 2 34
5 3 13 14 23 0 40
5 3 13 14 23 1 40
5 3 13 14 23 2 40
5 3 13 14 23 0 43
5 3 13 14 23 1 43
5 3 13 14 23 2 43
5 3 13 23 34 0 04
5 3 13 23 34 1 04
5 3 13 23 34 0 40
5 3 13 23 34 1 40
5 3 14 23 34 0 04
5 3 14 23 34 1 04
5 3 14 23 34 2 04
5 3 14 23 34 0 40
5 3 14 23 34 1 40
5 3 14 23 34 2 40
5 3 14 24 34 0 04
5 3 14 24 34 1 04
5 3 14 24 34 0 40
5 3 14 24 34 1 40
5 4 01 02 03 04 0 12
5 4 01 02 03 34 0 12
5 4 01 02 03 34 0 14
5 4 01 02 03 34 0 41
5 4 01 02 13 24 0 34
5 4 01 02 23 24 0 13
5 4 01 02 23 24 0 31
5 4 01 02 23 24 0 34
5 4 01 02 23 34 0 14
5 4 01 02 23 34 0 41
5 4 01 12 13 14 0 23
5 4 01 12 13 34 0 24
5 4 01 12 13 34 0 42
5 4 01 12 23 24 0 34
5 4 02 03 04 12 0 23
5 4 02 03 04 12 1 23
5 4 02 03 04 12 0 32
5 4 02 03 04 12 1 32
5 4 02 03 04 12 0 34
5 4 02 03 04 12 1 34
5 4 02 03 12 14 0 23
5 4 02 03 12 14 1 23
5 4 02 03 12 14 0 32
5 4 02 03 12 14 1 32
5 4 02 03 12 14 0 34
5 4 02 03 12 14 1 34
5 4 02 04 13 34 0 24
5 4 02 04 13 34 1 24
5 4 02 04 13 34 0 42
5 4 02 04 13 34 1 42
5 4 02 12 13 34 0 24
5 4 02 12 13 34 1 24
5 4 02 12 13 34 0 42
5 4 02 12 13 34 1 42
5 4 02 12 23 24 0 34
5 4 03 04 13 23 0 34
5 4 03 04 13 23 1 34
5 4 03 04 13 23 0 43
5 4 03 04 13 23 1 43
5 4 03 04 13 24 0 34
5 4 03 04 13 24 1 34
5 4 03 04 13 24 2 34
5 4 03 12 13 34 0 24
5 4 03 12 13 34 1 24
5 4 03 12 13 34 0 42
5 4 03 12 13 34 1 42
5 4 03 12 23 24 0 34
5 4 03 12 23 24 1 34
5 4 03 12 23 24 0 43
5 4 03 12 23 24 1 43
5 4 04 12 13 34 0 24
5 4 04 12 13 34 1 24
5 4 04 12 13 34 0 42
5 4 04 12 13 34 1 42
5 4 12 13 24 34 0 04
5 4 12 13 24 34 1 04
5 4 12 13 24 34 0 40
5 4 12 13 24 34 1 40
5 4 13 14 23 24 0 03
5 4 13 14 23 24 1 03
5 4 13 14 23 24 0 30
5 4 13 14 23 24 1 30
5 4 13 14 23 24 0 34
5 4 13 14 23 24 1 34
5 5 01 02 03 24 34 0 14
5 5 01 02 03 24 34 0 41
5 5 01 02 13 14 23 0 34
5 5 01 02 13 14 23 0 43
5 5 02 03 04 12 13 0 23
5 5 02 03 04 12 13 1 23
5 5 02 03 04 12 13 0 24
5 5 02 03 04 12 13 1 24
5 5 02 03 04 12 13 0 42
5 5 02 03 04 12 13 1 42
5 5 02 03 12 13 34 0 24
5 5 02 03 12 13 34 0 42
5 5 02 04 12 13 34 0 24
5 5 02 04 12 13 34 1 24
5 5 02 04 12 13 34 0 42
5 5 02 04 12 13 34 1 42
5 5 03 04 12 23 24 0 34
5 5 03 04 12 23 24 1 34
5 5 03 04 13 14 23 0 34
5 5 03 04 13 14 23 2 34
5 5 03 04 13 14 23 0 43
5 5 03 04 13 14 23 2 43
5 6 01 02 13 14 23 24 0 34
5 6 02 03 04 12 13 14 0 23
5 6 03 04 13 14 23 24 0 34
5 0 01 01
5 0 01 02
5 0 01 10
5 0 01 12
5 0 01 20
5 0 01 21
5 0 01 23
5 1 34 01 01
5 1 34 02 01
5 1 34 03 01
5 1 34 10 01
5 1 34 12 01
5 1 34 13 01
5 1 34 20 01
5 1 34 21 01
5 1 34 23 01
5 1 34 30 01
5 1 34 31 01
5 1 34 32 01
5 1 34 01 04
5 1 34 03 04
5 1 34 10 04
5 1 34 12 04
5 1 34 13 04
5 1 34 30 04
5 1 34 31 04
5 1 34 01 40
5 1 34 03 40
5 1 34 10 40
5 1 34 12 40
5 1 34 13 40
5 1 34 30 40
5 1 34 31 40
5 2 13 24 01 03
5 2 13 24 02 03
5 2 13 24 10 03
5 2 13 24 12 03
5 2 13 24 20 03
5 2 13 24 21 03
5 2 13 24 01 30
5 2 13 24 02 30
5 2 13 24 10 30
5 2 13 24 12 30
5 2 13 24 20 30
5 2 13 24 21 30
5 2 13 24 01 34
5 2 13 24 02 34
5 2 13 24 10 34
5 2 13 24 12 34
5 2 13 24 20 34
5 2 13 24 21 34
5 2 23 24 01 01
5 2 23 24 02 01
5 2 23 24 10 01
5 2 23 24 12 01
5 2 23 24 20 01
5 2 23 24 21 01
5 2 23 24 01 03
5 2 23 24 02 03
5 2 23 24 10 03
5 2 23 24 12 03
5 2 23 24 20 03
5 2 23 24 21 03
5 2 23 24 01 30
5 2 23 24 02 30
5 2 23 24 10 30
5 2 23 24 12 30
5 2 23 24 20 30
5 2 23 24 21 30
5 2 23 24 01 34
5 2 23 24 02 34
5 2 23 24 20 34
5 2 23 34 01 01
5 2 23 34 02 01
5 2 23 34 10 01
5 2 23 34 12 01
5 2 23 34 20 01
5 2 23 34 21 01
5 2 23 34 01 04
5 2 23 34 02 04
5 2 23 34 10 04
5 2 23 34 12 04
5 2 23 34 20 04
5 2 23 34 21 04
5 2 23 34 01 40
5 2 23 34 02 40
5 2 23 34 10 40
5 2 23 34 12 40
5 2 23 34 20 40
5 2 23 34 21 40
5 2 24 34 01 01
5 2 24 34 02 01
5 2 24 34 10 01
5 2 24 34 12 01
5 2 24 34 20 01
5 2 24 34 21 01
5 2 24 34 23 01
5 2 24 34 01 04
5 2 24 34 02 04
5 2 24 34 10 04
5 2 24 34 12 04
5 2 24 34 20 04
5 2 24 34 21 04
5 2 24 34 23 04
5 2 24 34 01 40
5 2 24 34 02 40
5 2 24 34 10 40
5 2 24 34 12 40
5 2 24 34 20 40
5 2 24 34 21 40
5 2 24 34 23 40
5 3 02 03 14 01 23
5 3 02 03 14 10 23
5 3 02 03 14 01 24
5 3 02 03 14 10 24
5 3 02 03 14 01 42
5 3 02 03 14 10 42
5 3 02 13 34 01 24
5 3 02 13 34 10 24
5 3 02 13 34 01 42
5 3 02 13 34 10 42
5 3 03 14 23 01 34
5 3 03 14 23 02 34
5 3 03 14 23 10 34
5 3 03 14 23 01 43
5 3 03 14 23 02 43
5 3 03 14 23 10 43
5 3 12 13 14 01 02
5 3 12 13 14 10 02
5 3 12 13 14 01 20
5 3 12 13 14 10 20
5 3 12 13 14 01 23
5 3 12 13 14 10 23
5 3 12 13 34 01 02
5 3 12 13 34 10 02
5 3 12 13 34 01 04
5 3 12 13 34 10 04
5 3 12 13 34 01 20
5 3 12 13 34 10 20
5 3 12 13 34 01 24
5 3 12 13 34 10 24
5 3 12 13 34 01 40
5 3 12 13 34 10 40
5 3 12 13 34 01 42
5 3 12 13 34 10 42
5 3 12 23 24 01 03
5 3 12 23 24 10 03
5 3 12 23 24 01 30
5 3 12 23 24 10 30
5 3 12 23 24 01 34
5 3 12 23 24 10 34
5 3 12 23 34 01 04
5 3 12 23 34 10 04
5 3 12 23 34 01 40
5 3 12 23 34 10 40
5 3 13 14 23 01 03
5 3 13 14 23 02 03
5 3 13 14 23 10 03
5 3 13 14 23 12 03
5 3 13 14 23 20 03
5 3 13 14 23 21 03
5 3 13 14 23 01 04
5 3 13 14 23 02 04
5 3 13 14 23 10 04
5 3 13 14 23 12 04
5 3 13 14 23 20 04
5 3 13 14 23 21 04
5 3 13 14 23 01 30
5 3 13 14 23 02 30
5 3 13 14 23 10 30
5 3 13 14 23 12 30
5 3 13 14 23 20 30
5 3 13 14 23 21 30
5 3 13 14 23 01 34
5 3 13 14 23 02 34
5 3 13 14 23 10 34
5 3 13 14 23 12 34
5 3 13 14 23 20 34
5 3 13 14 23 21 34
5 3 13 14 23 01 40
5 3 13 14 23 02 40
5 3 13 14 23 10 40
5 3 13 14 23 12 40
5 3 13 14 23 20 40
5 3 13 14 23 21 40
5 3 13 14 23 01 43
5 3 13 14 23 02 43
5 3 13 14 23 10 43
5 3 13 14 23 12 43
5 3 13 14 23 20 43
5 3 13 14 23 21 43
5 3 13 23 34 01 04
5 3 13 23 34 10 04
5 3 13 23 34 12 04
5 3 13 23 34 01 40
5 3 13 23 34 10 40
5 3 13 23 34 12 40
5 3 14 23 34 01 04
5 3 14 23 34 02 04
5 3 14 23 34 10 04
5 3 14 23 34 12 04
5 3 14 23 34 20 04
5 3 14 23 34 21 04
5 3 14 23 34 01 40
5 3 14 23 34 02 40
5 3 14 23 34 10 40
5 3 14 23 34 12 40
5 3 14 23 34 20 40
5 3 14 23 34 21 40
5 3 14 24 34 01 04
5 3 14 24 34 10 04
5 3 14 24 34 12 04
5 3 14 24 34 01 40
5 3 14 24 34 10 40
5 3 14 24 34 12 40
5 4 02 03 04 12 01 23
5 4 02 03 04 12 10 23
5 4 02 03 04 12 01 32
5 4 02 03 04 12 10 32
5 4 02 03 04 12 01 34
5 4 02 03 04 12 10 34
5 4 02 03 12 14 01 23
5 4 02 03 12 14 10 23
5 4 02 03 12 14 01 32
5 4 02 03 12 14 10 32
5 4 02 03 12 14 01 34
5 4 02 03 12 14 10 34
5 4 02 04 13 34 01 24
5 4 02 04 13 34 10 24
5 4 02 04 13 34 01 42
5 4 02 04 13 34 10 42
5 4 02 12 13 34 01 24
5 4 02 12 13 34 10 24
5 4 02 12 13 34 01 42
5 4 02 12 13 34 10 42
5 4 02 12 23 24 01 34
5 4 03 04 13 23 01 34
5 4 03 04 13 23 10 34
5 4 03 04 13 23 12 34
5 4 03 04 13 23 01 43
5 4 03 04 13 23 10 43
5 4 03 04 13 23 12 43
5 4 03 04 13 24 01 34
5 4 03 04 13 24 02 34
5 4 03 04 13 24 10 34
5 4 03 04 13 24 12 34
5 4 03 04 13 24 20 34
5 4 03 04 13 24 21 34
5 4 03 12 13 34 01 24
5 4 03 12 13 34 10 24
5 4 03 12 13 34 01 42
5 4 03 12 13 34 10 42
5 4 03 12 23 24 01 34
5 4 03 12 23 24 10 34
5 4 03 12 23 24 01 43
5 4 03 12 23 24 10 43
5 4 04 12 13 34 01 24
5 4 04 12 13 34 10 24
5 4 04 12 13 34 01 42
5 4 04 12 13 34 10 42
5 4 12 13 24 34 01 04
5 4 12 13 24 34 10 04
5 4 12 13 24 34 01 40
5 4 12 13 24 34 10 40
5 4 13 14 23 24 01 03
5 4 13 14 23 24 10 03
5 4 13 14 23 24 12 03
5 4 13 14 23 24 01 30
5 4 13 14 23 24 10 30
5 4 13 14 23 24 12 30
5 4 13 14 23 24 01 34
5 4 13 14 23 24 10 34
5 4 13 14 23 24 12 34
5 5 02 03 04 12 13 01 23
5 5 02 03 04 12 13 10 23
5 5 02 03 04 12 13 01 24
5 5 02 03 04 12 13 10 24
5 5 02 03 04 12 13 01 42
5 5 02 03 04 12 13 10 42
5 5 02 03 12 13 34 01 24
5 5 02 03 12 13 34 01 42
5 5 02 04 12 13 34 01 24
5 5 02 04 12 13 34 10 24
5 5 02 04 12 13 34 01 42
5 5 02 04 12 13 34 10 42
5 5 03 04 12 23 24 01 34
5 5 03 04 12 23 24 10 34
5 5 03 04 13 14 23 01 34
5 5 03 04 13 14 23 02 34
5 5 03 04 13 14 23 20 34
5 5 03 04 13 14 23 01 43
5 5 03 04 13 14 23 02 43
5 5 03 04 13 14 23 20 43
5 6 02 03 04 12 13 14 01 23
5 6 03 04 13 14 23 24 01 34
5 0 012 01
5 0 021 01
5 0 023 01
5 0 102 01
5 0 120 01
5 0 123 01
5 0 201 01
5 0 203 01
5 0 210 01
5 0 213 01
5 0 230 01
5 0 231 01
5 0 234 01
5 1 43 012 01
5 1 43 012 02
5 1 43 012 03
5 1 43 012 10
5 1 43 012 12
5 1 43 012 13
5 1 43 012 20
5 1 43 012 21
5 1 43 012 23
5 1 43 012 30
5 1 43 012 31
5 1 43 012 32
5 1 43 014 01
5 1 43 014 02
5 1 43 014 03
5 1 43 014 10
5 1 43 014 12
5 1 43 014 13
5 1 43 014 20
5 1 43 014 21
5 1 43 014 23
5 1 43 014 30
5 1 43 014 31
5 1 43 014 32
5 1 43 041 01
5 1 43 041 02
5 1 43 041 03
5 1 43 041 10
5 1 43 041 12
5 1 43 041 13
5 1 43 041 20
5 1 43 041 21
5 1 43 041 23
5 1 43 041 30
5 1 43 041 31
5 1 43 041 32
5 1 43 401 01
5 1 43 401 02
5 1 43 401 03
5 1 43 401 10
5 1 43 401 12
5 1 43 401 13
5 1 43 401 20
5 1 43 401 21
5 1 43 401 23
5 1 43 401 30
5 1 43 401 31
5 1 43 401 32
5 2 31 42 034 01
5 2 31 42 034 02
5 2 31 42 034 10
5 2 31 42 034 12
5 2 31 42 034 20
5 2 31 42 034 21
5 2 31 42 304 01
5 2 31 42 304 02
5 2 31 42 304 10
5 2 31 42 304 12
5 2 31 42 304 20
5 2 31 42 304 21
5 2 31 42 340 01
5 2 31 42 340 02
5 2 31 42 340 10
5 2 31 42 340 12
5 2 31 42 340 20
5 2 31 42 340 21
5 2 32 42 013 01
5 2 32 42 013 02
5 2 32 42 013 10
5 2 32 42 013 12
5 2 32 42 013 20
5 2 32 42 013 21
5 2 32 42 031 01
5 2 32 42 031 02
5 2 32 42 031 10
5 2 32 42 031 12
5 2 32 42 031 20
5 2 32 42 031 21
5 2 32 42 034 01
5 2 32 42 034 02
5 2 32 42 034 10
5 2 32 42 034 12
5 2 32 42 034 20
5 2 32 42 034 21
5 2 32 42 301 01
5 2 32 42 301 02
5 2 32 42 301 10
5 2 32 42 301 12
5 2 32 42 301 20
5 2 32 42 301 21
5 2 32 42 304 01
5 2 32 42 304 02
5 2 32 42 304 10
5 2 32 42 304 12
5 2 32 42 304 20
5 2 32 42 304 21
5 2 32 42 340 01
5 2 32 42 340 02
5 2 32 42 340 10
5 2 32 42 340 12
5 2 32 42 340 20
5 2 32 42 340 21
5 2 32 43 014 01
5 2 32 43 014 02
5 2 32 43 014 10
5 2 32 43 014 12
5 2 32 43 014 20
5 2 32 43 014 21
5 2 32 43 041 01
5 2 32 43 041 02
5 2 32 43 041 10
5 2 32 43 041 12
5 2 32 43 041 20
5 2 32 43 041 21
5 2 32 43 401 01
5 2 32 43 401 02
5 2 32 43 401 10
5 2 32 43 401 12
5 2 32 43 401 20
5 2 32 43 401 21
5 2 42 43 014 01
5 2 42 43 014 02
5 2 42 43 014 10
5 2 42 43 014 12
5 2 42 43 014 20
5 2 42 43 014 21
5 2 42 43 014 23
5 2 42 43 041 01
5 2 42 43 041 02
5 2 42 43 041 10
5 2 42 43 041 12
5 2 42 43 041 20
5 2 42 43 041 21
5 2 42 43 041 23
5 2 42 43 401 01
5 2 42 43 401 02
5 2 42 43 401 10
5 2 42 43 401 12
5 2 42 43 401 20
5 2 42 43 401 21
5 2 42 43 401 23
5 3 20 30 41 234 01
5 3 20 30 41 234 10
5 3 20 30 41 243 01
5 3 20 30 41 243 10
5 3 20 30 41 423 01
5 3 20 30 41 423 10
5 3 21 31 41 023 01
5 3 21 31 41 023 10
5 3 21 31 41 203 01
5 3 21 31 41 203 10
5 3 21 31 41 230 01
5 3 21 31 41 230 10
5 3 21 31 41 234 01
5 3 21 31 41 234 10
5 3 21 31 43 024 01
5 3 21 31 43 024 10
5 3 21 31 43 042 01
5 3 21 31 43 042 10
5 3 21 31 43 204 01
5 3 21 31 43 204 10
5 3 21 31 43 240 01
5 3 21 31 43 240 10
5 3 21 31 43 402 01
5 3 21 31 43 402 10
5 3 21 31 43 420 01
5 3 21 31 43 420 10
5 3 21 32 42 034 01
5 3 21 32 42 034 10
5 3 21 32 42 304 01
5 3 21 32 42 304 10
5 3 21 32 42 340 01
5 3 21 32 42 340 10
5 3 31 32 41 034 01
5 3 31 32 41 034 02
5 3 31 32 41 034 10
5 3 31 32 41 034 12
5 3 31 32 41 034 20
5 3 31 32 41 034 21
5 3 31 32 41 043 01
5 3 31 32 41 043 02
5 3 31 32 41 043 10
5 3 31 32 41 043 12
5 3 31 32 41 043 20
5 3 31 32 41 043 21
5 3 31 32 41 304 01
5 3 31 32 41 304 02
5 3 31 32 41 304 10
5 3 31 32 41 304 12
5 3 31 32 41 304 20
5 3 31 32 41 304 21
5 3 31 32 41 340 01
5 3 31 32 41 340 02
5 3 31 32 41 340 10
5 3 31 32 41 340 12
5 3 31 32 41 340 20
5 3 31 32 41 340 21
5 3 31 32 41 403 01
5 3 31 32 41 403 02
5 3 31 32 41 403 10
5 3 31 32 41 403 12
5 3 31 32 41 403 20
5 3 31 32 41 403 21
5 3 31 32 41 430 01
5 3 31 32 41 430 02
5 3 31 32 41 430 10
5 3 31 32 41 430 12
5 3 31 32 41 430 20
5 3 31 32 41 430 21
5 4 20 21 30 40 234 01
5 4 20 21 30 40 234 10
5 4 20 21 30 40 324 01
5 4 20 21 30 40 324 10
5 4 20 21 30 40 342 01
5 4 20 21 30 40 342 10
5 4 20 21 30 41 234 01
5 4 20 21 30 41 234 10
5 4 20 21 30 41 324 01
5 4 20 21 30 41 324 10
5 4 20 21 30 41 342 01
5 4 20 21 30 41 342 10
5 4 31 32 41 42 034 01
5 4 31 32 41 42 034 10
5 4 31 32 41 42 034 12
5 4 31 32 41 42 304 01
5 4 31 32 41 42 304 10
5 4 31 32 41 42 304 12
5 4 31 32 41 42 340 01
5 4 31 32 41 42 340 10
5 4 31 32 41 42 340 12
5 5 20 21 30 31 40 234 01
5 5 20 21 30 31 40 234 10
5 5 20 21 30 31 40 243 01
5 5 20 21 30 31 40 243 10
5 5 20 21 30 31 40 423 01
5 5 20 21 30 31 40 423 10
5 6 20 21 30 31 40 41 234 01
5 0 0123 01
5 0 0213 01
5 0 0231 01
5 0 0234 01
5 0 1023 01
5 0 1203 01
5 0 1230 01
5 0 1234 01
5 0 2013 01
5 0 2031 01
5 0 2034 01
5 0 2103 01
5 0 2130 01
5 0 2134 01
5 0 2301 01
5 0 2304 01
5 0 2310 01
5 0 2314 01
5 0 2340 01
5 0 2341 01
5 1 43 0124 01
5 1 43 0124 02
5 1 43 0124 03
5 1 43 0124 10
5 1 43 0124 12
5 1 43 0124 13
5 1 43 0124 20
5 1 43 0124 21
5 1 43 0124 23
5 1 43 0124 30
5 1 43 0124 31
5 1 43 0124 32
5 1 43 0142 01
5 1 43 0142 02
5 1 43 0142 03
5 1 43 0142 10
5 1 43 0142 12
5 1 43 0142 13
5 1 43 0142 20
5 1 43 0142 21
5 1 43 0142 23
5 1 43 0142 30
5 1 43 0142 31
5 1 43 0142 32
5 1 43 0412 01
5 1 43 0412 02
5 1 43 0412 03
5 1 43 0412 10
5 1 43 0412 12
5 1 43 0412 13
5 1 43 0412 20
5 1 43 0412 21
5 1 43 0412 23
5 1 43 0412 30
5 1 43 0412 31
5 1 43 0412 32
5 1 43 4012 01
5 1 43 4012 02
5 1 43 4012 03
5 1 43 4012 10
5 1 43 4012 12
5 1 43 4012 13
5 1 43 4012 20
5 1 43 4012 21
5 1 43 4012 23
5 1 43 4012 30
5 1 43 4012 31
5 1 43 4012 32
5 2 32 42 0134 01
5 2 32 42 0134 02
5 2 32 42 0134 10
5 2 32 42 0134 12
5 2 32 42 0134 20
5 2 32 42 0134 21
5 2 32 42 0314 01
5 2 32 42 0314 02
5 2 32 42 0314 10
5 2 32 42 0314 12
5 2 32 42 0314 20
5 2 32 42 0314 21
5 2 32 42 0341 01
5 2 32 42 0341 02
5 2 32 42 0341 10
5 2 32 42 0341 12
5 2 32 42 0341 20
5 2 32 42 0341 21
5 2 32 42 3014 01
5 2 32 42 3014 02
5 2 32 42 3014 10
5 2 32 42 3014 12
5 2 32 42 3014 20
5 2 32 42 3014 21
5 2 32 42 3041 01
5 2 32 42 3041 02
5 2 32 42 3041 10
5 2 32 42 3041 12
5 2 32 42 3041 20
5 2 32 42 3041 21
5 2 32 42 3401 01
5 2 32 42 3401 02
5 2 32 42 3401 10
5 2 32 42 3401 12
5 2 32 42 3401 20
5 2 32 42 3401 21
5 3 21 31 41 0234 01
5 3 21 31 41 0234 10
5 3 21 31 41 2034 01
5 3 21 31 41 2034 10
5 3 21 31 41 2304 01
5 3 21 31 41 2304 10
5 3 21 31 41 2340 01
5 3 21 31 41 2340 10
5 0 01234 01
5 0 02134 01
5 0 02314 01
5 0 02341 01
5 0 10234 01
5 0 12034 01
5 0 12304 01
5 0 12340 01
5 0 20134 01
5 0 20314 01
5 0 20341 01
5 0 21034 01
5 0 21304 01
5 0 21340 01
5 0 23014 01
5 0 23041 01
5 0 23104 01
5 0 23140 01
5 0 23401 01
5 0 23410 01
5 0 - 012
5 1 34 - 012
5 1 34 - 014
5 1 34 - 041
5 1 34 - 401
5 2 13 24 - 034
5 2 13 24 - 304
5 2 13 24 - 340
5 2 23 24 - 013
5 2 23 24 - 031
5 2 23 24 - 034
5 2 23 24 - 301
5 2 23 24 - 304
5 2 23 24 - 340
5 2 23 34 - 014
5 2 23 34 - 041
5 2 23 34 - 401
5 2 24 34 - 014
5 2 24 34 - 041
5 2 24 34 - 401
5 3 02 03 14 - 234
5 3 02 03 14 - 243
5 3 02 03 14 - 423
5 3 12 13 14 - 023
5 3 12 13 14 - 203
5 3 12 13 14 - 230
5 3 12 13 14 - 234
5 3 12 13 34 - 024
5 3 12 13 34 - 042
5 3 12 13 34 - 204
5 3 12 13 34 - 240
5 3 12 13 34 - 402
5 3 12 13 34 - 420
5 3 12 23 24 - 034
5 3 12 23 24 - 304
5 3 12 23 24 - 340
5 3 13 14 23 - 034
5 3 13 14 23 - 043
5 3 13 14 23 - 304
5 3 13 14 23 - 340
5 3 13 14 23 - 403
5 3 13 14 23 - 430
5 4 01 02 03 04 - 123
5 4 01 02 03 34 - 124
5 4 01 02 03 34 - 142
5 4 01 02 03 34 - 412
5 4 01 02 23 24 - 134
5 4 01 02 23 24 - 314
5 4 01 02 23 24 - 341
5 4 01 12 13 14 - 234
5 4 02 03 04 12 - 234
5 4 02 03 04 12 - 324
5 4 02 03 04 12 - 342
5 4 02 03 12 14 - 234
5 4 02 03 12 14 - 324
5 4 02 03 12 14 - 342
5 4 13 14 23 24 - 034
5 4 13 14 23 24 - 304
5 4 13 14 23 24 - 340
5 5 02 03 04 12 13 - 234
5 5 02 03 04 12 13 - 243
5 5 02 03 04 12 13 - 423
5 6 02 03 04 12 13 14 - 234
5 0 0 012
5 0 0 102
5 0 0 120
5 0 0 123
5 1 34 0 012
5 1 34 1 012
5 1 34 2 012
5 1 34 3 012
5 1 34 0 014
5 1 34 1 014
5 1 34 2 014
5 1 34 3 014
5 1 34 0 041
5 1 34 1 041
5 1 34 2 041
5 1 34 3 041
5 1 34 0 401
5 1 34 1 401
5 1 34 2 401
5 1 34 3 401
5 2 13 24 0 034
5 2 13 24 1 034
5 2 13 24 2 034
5 2 13 24 0 304
5 2 13 24 1 304
5 2 13 24 2 304
5 2 13 24 0 340
5 2 13 24 1 340
5 2 13 24 2 340
5 2 23 24 0 013
5 2 23 24 1 013
5 2 23 24 2 013
5 2 23 24 0 031
5 2 23 24 1 031
5 2 23 24 2 031
5 2 23 24 0 034
5 2 23 24 1 034
5 2 23 24 2 034
5 2 23 24 0 301
5 2 23 24 1 301
5 2 23 24 2 301
5 2 23 24 0 304
5 2 23 24 1 304
5 2 23 24 2 304
5 2 23 24 0 340
5 2 23 24 1 340
5 2 23 24 2 340
5 2 23 34 0 014
5 2 23 34 1 014
5 2 23 34 2 014
5 2 23 34 0 041
5 2 23 34 1 041
5 2 23 34 2 041
5 2 23 34 0 401
5 2 23 34 1 401
5 2 23 34 2 401
5 2 24 34 0 014
5 2 24 34 1 014
5 2 24 34 2 014
5 2 24 34 0 041
5 2 24 34 1 041
5 2 24 34 2 041
5 2 24 34 0 401
5 2 24 34 1 401
5 2 24 34 2 401
5 3 02 03 14 0 234
5 3 02 03 14 1 234
5 3 02 03 14 0 243
5 3 02 03 14 1 243
5 3 02 03 14 0 423
5 3 02 03 14 1 423
5 3 12 13 14 0 023
5 3 12 13 14 1 023
5 3 12 13 14 0 203
5 3 12 13 14 1 203
5 3 12 13 14 0 230
5 3 12 13 14 1 230
5 3 12 13 14 0 234
5 3 12 13 14 1 234
5 3 12 13 34 0 024
5 3 12 13 34 1 024
5 3 12 13 34 0 042
5 3 12 13 34 1 042
5 3 12 13 34 0 204
5 3 12 13 34 1 204
5 3 12 13 34 0 240
5 3 12 13 34 1 240
5 3 12 13 34 0 402
5 3 12 13 34 1 402
5 3 12 13 34 0 420
5 3 12 13 34 1 420
5 3 12 23 24 0 034
5 3 12 23 24 1 034
5 3 12 23 24 0 304
5 3 12 23 24 1 304
5 3 12 23 24 0 340
5 3 12 23 24 1 340
5 3 13 14 23 0 034
5 3 13 14 23 1 034
5 3 13 14 23 2 034
5 3 13 14 23 0 043
5 3 13 14 23 1 043
5 3 13 14 23 2 043
5 3 13 14 23 0 304
5 3 13 14 23 1 304
5 3 13 14 23 2 304
5 3 13 14 23 0 340
5 3 13 14 23 1 340
5 3 13 14 23 2 340
5 3 13 14 23 0 403
5 3 13 14 23 1 403
5 3 13 14 23 2 403
5 3 13 14 23 0 430
5 3 13 14 23 1 430
5 3 13 14 23 2 430
5 4 01 02 03 04 0 123
5 4 01 02 03 34 0 124
5 4 01 02 03 34 0 142
5 4 01 02 03 34 0 412
5 4 01 02 23 24 0 134
5 4 01 02 23 24 0 314
5 4 01 02 23 24 0 341
5 4 01 12 13 14 0 234
5 4 02 03 04 12 0 234
5 4 02 03 04 12 1 234
5 4 02 03 04 12 0 324
5 4 02 03 04 12 1 324
5 4 02 03 04 12 0 342
5 4 02 03 04 12 1 342
5 4 02 03 12 14 0 234
5 4 02 03 12 14 1 234
5 4 02 03 12 14 0 324
5 4 02 03 12 14 1 324
5 4 02 03 12 14 0 342
5 4 02 03 12 14 1 342
5 4 13 14 23 24 0 034
5 4 13 14 23 24 1 034
5 4 13 14 23 24 0 304
5 4 13 14 23 24 1 304
5 4 13 14 23 24 0 340
5 4 13 14 23 24 1 340
5 5 02 03 04 12 13 0 234
5 5 02 03 04 12 13 1 234
5 5 02 03 04 12 13 0 243
5 5 02 03 04 12 13 1 243
5 5 02 03 04 12 13 0 423
5 5 02 03 04 12 13 1 423
5 6 02 03 04 12 13 14 0 234
5 0 01 012
5 0 01 021
5 0 01 023
5 0 01 102
5 0 01 120
5 0 01 123
5 0 01 201
5 0 01 203
5 0 01 210
5 0 01 213
5 0 01 230
5 0 01 231
5 0 01 234
5 1 34 01 012
5 1 34 02 012
5 1 34 03 012
5 1 34 10 012
5 1 34 12 012
5 1 34 13 012
5 1 34 20 012
5 1 34 21 012
5 1 34 23 012
5 1 34 30 012
5 1 34 31 012
5 1 34 32 012
5 1 34 01 014
5 1 34 02 014
5 1 34 03 014
5 1 34 10 014
5 1 34 12 014
5 1 34 13 014
5 1 34 20 014
5 1 34 21 014
5 1 34 23 014
5 1 34 30 014
5 1 34 31 014
5 1 34 32 014
5 1 34 01 041
5 1 34 02 041
5 1 34 03 041
5 1 34 10 041
5 1 34 12 041
5 1 34 13 041
5 1 34 20 041
5 1 34 21 041
5 1 34 23 041
5 1 34 30 041
5 1 34 31 041
5 1 34 32 041
5 1 34 01 401
5 1 34 02 401
5 1 34 03 401
5 1 34 10 401
5 1 34 12 401
5 1 34 13 401
5 1 34 20 401
5 1 34 21 401
5 1 34 23 401
5 1 34 30 401
5 1 34 31 401
5 1 34 32 401
5 2 13 24 01 034
5 2 13 24 02 034
5 2 13 24 10 034
5 2 13 24 12 034
5 2 13 24 20 034
5 2 13 24 21 034
5 2 13 24 01 304
5 2 13 24 02 304
5 2 13 24 10 304
5 2 13 24 12 304
5 2 13 24 20 304
5 2 13 24 21 304
5 2 13 24 01 340
5 2 13 24 02 340
5 2 13 24 10 340
5 2 13 24 12 340
5 2 13 24 20 340
5 2 13 24 21 340
5 2 23 24 01 013
5 2 23 24 02 013
5 2 23 24 10 013
5 2 23 24 12 013
5 2 23 24 20 013
5 2 23 24 21 013
5 2 23 24 01 031
5 2 23 24 02 031
5 2 23 24 10 031
5 2 23 24 12 031
5 2 23 24 20 031
5 2 23 24 21 031
5 2 23 24 01 034
5 2 23 24 02 034
5 2 23 24 10 034
5 2 23 24 12 034
5 2 23 24 20 034
5 2 23 24 21 034
5 2 23 24 01 301
5 2 23 24 02 301
5 2 23 24 10 301
5 2 23 24 12 301
5 2 23 24 20 301
5 2 23 24 21 301
5 2 23 24 01 304
5 2 23 24 02 304
5 2 23 24 10 304
5 2 23 24 12 304
5 2 23 24 20 304
5 2 23 24 21 304
5 2 23 24 01 340
5 2 23 24 02 340
5 2 23 24 10 340
5 2 23 24 12 340
5 2 23 24 20 340
5 2 23 24 21 340
5 2 23 34 01 014
5 2 23 34 02 014
5 2 23 34 10 014
5 2 23 34 12 014
5 2 23 34 20 014
5 2 23 34 21 014
5 2 23 34 01 041
5 2 23 34 02 041
5 2 23 34 10 041
5 2 23 34 12 041
5 2 23 34 20 041
5 2 23 34 21 041
5 2 23 34 01 401
5 2 23 34 02 401
5 2 23 34 10 401
5 2 23 34 12 401
5 2 23 34 20 401
5 2 23 34 21 401
5 2 24 34 01 014
5 2 24 34 02 014
5 2 24 34 10 014
5 2 24 34 12 014
5 2 24 34 20 014
5 2 24 34 21 014
5 2 24 34 23 014
5 2 24 34 01 041
5 2 24 34 02 041
5 2 24 34 10 041
5 2 24 34 12 041
5 2 24 34 20 041
5 2 24 34 21 041
5 2 24 34 23 041
5 2 24 34 01 401
5 2 24 34 02 401
5 2 24 34 10 401
5 2 24 34 12 401
5 2 24 34 20 401
5 2 24 34 21 401
5 2 24 34 23 401
5 3 02 03 14 01 234
5 3 02 03 14 10 234
5 3 02 03 14 01 243
5 3 02 03 14 10 243
5 3 02 03 14 01 423
5 3 02 03 14 10 423
5 3 12 13 14 01 023
5 3 12 13 14 10 023
5 3 12 13 14 01 203
5 3 12 13 14 10 203
5 3 12 13 14 01 230
5 3 12 13 14 10 230
5 3 12 13 14 01 234
5 3 12 13 14 10 234
5 3 12 13 34 01 024
5 3 12 13 34 10 024
5 3 12 13 34 01 042
5 3 12 13 34 10 042
5 3 12 13 34 01 204
5 3 12 13 34 10 204
5 3 12 13 34 01 240
5 3 12 13 34 10 240
5 3 12 13 34 01 402
5 3 12 13 34 10 402
5 3 12 13 34 01 420
5 3 12 13 34 10 420
5 3 12 23 24 01 034
5 3 12 23 24 10 034
5 3 12 23 24 01 304
5 3 12 23 24 10 304
5 3 12 23 24 01 340
5 3 12 23 24 10 340
5 3 13 14 23 01 034
5 3 13 14 23 02 034
5 3 13 14 23 10 034
5 3 13 14 23 12 034
5 3 13 14 23 20 034
5 3 13 14 23 21 034
5 3 13 14 23 01 043
5 3 13 14 23 02 043
5 3 13 14 23 10 043
5 3 13 14 23 12 043
5 3 13 14 23 20 043
5 3 13 14 23 21 043
5 3 13 14 23 01 304
5 3 13 14 23 02 304
5 3 13 14 23 10 304
5 3 13 14 23 12 304
5 3 13 14 23 20 304
5 3 13 14 23 21 304
5 3 13 14 23 01 340
5 3 13 14 23 02 340
5 3 13 14 23 10 340
5 3 13 14 23 12 340
5 3 13 14 23 20 340
5 3 13 14 23 21 340
5 3 13 14 23 01 403
5 3 13 14 23 02 403
5 3 13 14 23 10 403
5 3 13 14 23 12 403
5 3 13 14 23 20 403
5 3 13 14 23 21 403
5 3 13 14 23 01 430
5 3 13 14 23 02 430
5 3 13 14 23 10 430
5 3 13 14 23 12 430
5 3 13 14 23 20 430
5 3 13 14 23 21 430
5 4 02 03 04 12 01 234
5 4 02 03 04 12 10 234
5 4 02 03 04 12 01 324
5 4 02 03 04 12 10 324
5 4 02 03 04 12 01 342
5 4 02 03 04 12 10 342
5 4 02 03 12 14 01 234
5 4 02 03 12 14 10 234
5 4 02 03 12 14 01 324
5 4 02 03 12 14 10 324
5 4 02 03 12 14 01 342
5 4 02 03 12 14 10 342
5 4 13 14 23 24 01 034
5 4 13 14 23 24 10 034
5 4 13 14 23 24 12 034
5 4 13 14 23 24 01 304
5 4 13 14 23 24 10 304
5 4 13 14 23 24 12 304
5 4 13 14 23 24 01 340
5 4 13 14 23 24 10 340
5 4 13 14 23 24 12 340
5 5 02 03 04 12 13 01 234
5 5 02 03 04 12 13 10 234
5 5 02 03 04 12 13 01 243
5 5 02 03 04 12 13 10 243
5 5 02 03 04 12 13 01 423
5 5 02 03 04 12 13 10 423
5 6 02 03 04 12 13 14 01 234
5 0 012 012
5 0 012 013
5 0 012 021
5 0 012 023
5 0 012 031
5 0 012 032
5 0 012 034
5 0 012 102
5 0 012 103
5 0 012 120
5 0 012 123
5 0 012 130
5 0 012 132
5 0 012 134
5 0 012 201
5 0 012 203
5 0 012 210
5 0 012 213
5 0 012 230
5 0 012 231
5 0 012 234
5 0 012 301
5 0 012 302
5 0 012 304
5 0 012 310
5 0 012 312
5 0 012 314
5 0 012 320
5 0 012 321
5 0 012 324
5 0 012 340
5 0 012 341
5 0 012 342
5 1 34 012 012
5 1 34 013 012
5 1 34 021 012
5 1 34 023 012
5 1 34 031 012
5 1 34 032 012
5 1 34 102 012
5 1 34 103 012
5 1 34 120 012
5 1 34 123 012
5 1 34 130 012
5 1 34 132 012
5 1 34 201 012
5 1 34 203 012
5 1 34 210 012
5 1 34 213 012
5 1 34 230 012
5 1 34 231 012
5 1 34 301 012
5 1 34 302 012
5 1 34 310 012
5 1 34 312 012
5 1 34 320 012
5 1 34 321 012
5 1 34 012 014
5 1 34 013 014
5 1 34 021 014
5 1 34 023 014
5 1 34 031 014
5 1 34 032 014
5 1 34 102 014
5 1 34 103 014
5 1 34 120 014
5 1 34 123 014
5 1 34 130 014
5 1 34 132 014
5 1 34 201 014
5 1 34 203 014
5 1 34 210 014
5 1 34 213 014
5 1 34 230 014
5 1 34 231 014
5 1 34 301 014
5 1 34 302 014
5 1 34 310 014
5 1 34 312 014
5 1 34 320 014
5 1 34 321 014
5 1 34 012 041
5 1 34 013 041
5 1 34 021 041
5 1 34 023 041
5 1 34 031 041
5 1 34 032 041
5 1 34 102 041
5 1 34 103 041
5 1 34 120 041
5 1 34 123 041
5 1 34 130 041
5 1 34 132 041
5 1 34 201 041
5 1 34 203 041
5 1 34 210 041
5 1 34 213 041
5 1 34 230 041
5 1 34 231 041
5 1 34 301 041
5 1 34 302 041
5 1 34 310 041
5 1 34 312 041
5 1 34 320 041
5 1 34 321 041
5 1 34 012 401
5 1 34 013 401
5 1 34 021 401
5 1 34 023 401
5 1 34 031 401
5 1 34 032 401
5 1 34 102 401
5 1 34 103 401
5 1 34 120 401
5 1 34 123 401
5 1 34 130 401
5 1 34 132 401
5 1 34 201 401
5 1 34 203 401
5 1 34 210 401
5 1 34 213 401
5 1 34 230 401
5 1 34 231 401
5 1 34 301 401
5 1 34 302 401
5 1 34 310 401
5 1 34 312 401
5 1 34 320 401
5 1 34 321 401
5 2 13 24 012 034
5 2 13 24 021 034
5 2 13 24 102 034
5 2 13 24 120 034
5 2 13 24 201 034
5 2 13 24 210 034
5 2 13 24 012 304
5 2 13 24 021 304
5 2 13 24 102 304
5 2 13 24 120 304
5 2 13 24 201 304
5 2 13 24 210 304
5 2 13 24 012 340
5 2 13 24 021 340
5 2 13 24 102 340
5 2 13 24 120 340
5 2 13 24 201 340
5 2 13 24 210 340
5 2 23 24 012 013
5 2 23 24 021 013
5 2 23 24 102 013
5 2 23 24 120 013
5 2 23 24 201 013
5 2 23 24 210 013
5 2 23 24 012 031
5 2 23 24 021 031
5 2 23 24 102 031
5 2 23 24 120 031
5 2 23 24 201 031
5 2 23 24 210 031
5 2 23 24 012 034
5 2 23 24 021 034
5 2 23 24 102 034
5 2 23 24 120 034
5 2 23 24 201 034
5 2 23 24 210 034
5 2 23 24 012 301
5 2 23 24 021 301
5 2 23 24 102 301
5 2 23 24 120 301
5 2 23 24 201 301
5 2 23 24 210 301
5 2 23 24 012 304
5 2 23 24 021 304
5 2 23 24 102 304
5 2 23 24 120 304
5 2 23 24 201 304
5 2 23 24 210 304
5 2 23 24 012 340
5 2 23 24 021 340
5 2 23 24 102 340
5 2 23 24 120 340
5 2 23 24 201 340
5 2 23 24 210 340
5 2 23 34 012 014
5 2 23 34 021 014
5 2 23 34 102 014
5 2 23 34 120 014
5 2 23 34 201 014
5 2 23 34 210 014
5 2 23 34 012 041
5 2 23 34 021 041
5 2 23 34 102 041
5 2 23 34 120 041
5 2 23 34 201 041
5 2 23 34 210 041
5 2 23 34 012 401
5 2 23 34 021 401
5 2 23 34 102 401
5 2 23 34 120 401
5 2 23 34 201 401
5 2 23 34 210 401
5 2 24 34 012 014
5 2 24 34 021 014
5 2 24 34 023 014
5 2 24 34 102 014
5 2 24 34 120 014
5 2 24 34 123 014
5 2 24 34 201 014
5 2 24 34 203 014
5 2 24 34 210 014
5 2 24 34 213 014
5 2 24 34 230 014
5 2 24 34 231 014
5 2 24 34 012 041
5 2 24 34 021 041
5 2 24 34 023 041
5 2 24 34 102 041
5 2 24 34 120 041
5 2 24 34 123 041
5 2 24 34 201 041
5 2 24 34 203 041
5 2 24 34 210 041
5 2 24 34 213 041
5 2 24 34 230 041
5 2 24 34 231 041
5 2 24 34 012 401
5 2 24 34 021 401
5 2 24 34 023 401
5 2 24 34 102 401
5 2 24 34 120 401
5 2 24 34 123 401
5 2 24 34 201 401
5 2 24 34 203 401
5 2 24 34 210 401
5 2 24 34 213 401
5 2 24 34 230 401
5 2 24 34 231 401
5 3 13 14 23 012 034
5 3 13 14 23 021 034
5 3 13 14 23 102 034
5 3 13 14 23 120 034
5 3 13 14 23 201 034
5 3 13 14 23 210 034
5 3 13 14 23 012 043
5 3 13 14 23 021 043
5 3 13 14 23 102 043
5 3 13 14 23 120 043
5 3 13 14 23 201 043
5 3 13 14 23 210 043
5 3 13 14 23 012 304
5 3 13 14 23 021 304
5 3 13 14 23 102 304
5 3 13 14 23 120 304
5 3 13 14 23 201 304
5 3 13 14 23 210 304
5 3 13 14 23 012 340
5 3 13 14 23 021 340
5 3 13 14 23 102 340
5 3 13 14 23 120 340
5 3 13 14 23 201 340
5 3 13 14 23 210 340
5 3 13 14 23 012 403
5 3 13 14 23 021 403
5 3 13 14 23 102 403
5 3 13 14 23 120 403
5 3 13 14 23 201 403
5 3 13 14 23 210 403
5 3 13 14 23 012 430
5 3 13 14 23 021 430
5 3 13 14 23 102 430
5 3 13 14 23 120 430
5 3 13 14 23 201 430
5 3 13 14 23 210 430
5 4 13 14 23 24 012 034
5 4 13 14 23 24 102 034
5 4 13 14 23 24 120 034
5 4 13 14 23 24 012 304
5 4 13 14 23 24 102 304
5 4 13 14 23 24 120 304
5 4 13 14 23 24 012 340
5 4 13 14 23 24 102 340
5 4 13 14 23 24 120 340
5 0 0123 012
5 0 0132 012
5 0 0134 012
5 0 0213 012
5 0 0231 012
5 0 0234 012
5 0 0312 012
5 0 0314 012
5 0 0321 012
5 0 0324 012
5 0 0341 012
5 0 0342 012
5 0 1023 012
5 0 1032 012
5 0 1034 012
5 0 1203 012
5 0 1230 012
5 0 1234 012
5 0 1302 012
5 0 1304 012
5 0 1320 012
5 0 1324 012
5 0 1340 012
5 0 1342 012
5 0 2013 012
5 0 2031 012
5 0 2034 012
5 0 2103 012
5 0 2130 012
5 0 2134 012
5 0 2301 012
5 0 2304 012
5 0 2310 012
5 0 2314 012
5 0 2340 012
5 0 2341 012
5 0 3012 012
5 0 3014 012
5 0 3021 012
5 0 3024 012
5 0 3041 012
5 0 3042 012
5 0 3102 012
5 0 3104 012
5 0 3120 012
5 0 3124 012
5 0 3140 012
5 0 3142 012
5 0 3201 012
5 0 3204 012
5 0 3210 012
5 0 3214 012
5 0 3240 012
5 0 3241 012
5 0 3401 012
5 0 3402 012
5 0 3410 012
5 0 3412 012
5 0 3420 012
5 0 3421 012
5 1 43 0124 012
5 1 43 0124 013
5 1 43 0124 021
5 1 43 0124 023
5 1 43 0124 031
5 1 43 0124 032
5 1 43 0124 102
5 1 43 0124 103
5 1 43 0124 120
5 1 43 0124 123
5 1 43 0124 130
5 1 43 0124 132
5 1 43 0124 201
5 1 43 0124 203
5 1 43 0124 210
5 1 43 0124 213
5 1 43 0124 230
5 1 43 0124 231
5 1 43 0124 301
5 1 43 0124 302
5 1 43 0124 310
5 1 43 0124 312
5 1 43 0124 320
5 1 43 0124 321
5 1 43 0142 012
5 1 43 0142 013
5 1 43 0142 021
5 1 43 0142 023
5 1 43 0142 031
5 1 43 0142 032
5 1 43 0142 102
5 1 43 0142 103
5 1 43 0142 120
5 1 43 0142 123
5 1 43 0142 130
5 1 43 0142 132
5 1 43 0142 201
5 1 43 0142 203
5 1 43 0142 210
5 1 43 0142 213
5 1 43 0142 230
5 1 43 0142 231
5 1 43 0142 301
5 1 43 0142 302
5 1 43 0142 310
5 1 43 0142 312
5 1 43 0142 320
5 1 43 0142 321
5 1 43 0412 012
5 1 43 0412 013
5 1 43 0412 021
5 1 43 0412 023
5 1 43 0412 031
5 1 43 0412 032
5 1 43 0412 102
5 1 43 0412 103
5 1 43 0412 120
5 1 43 0412 123
5 1 43 0412 130
5 1 43 0412 132
5 1 43 0412 201
5 1 43 0412 203
5 1 43 0412 210
5 1 43 0412 213
5 1 43 0412 230
5 1 43 0412 231
5 1 43 0412 301
5 1 43 0412 302
5 1 43 0412 310
5 1 43 0412 312
5 1 43 0412 320
5 1 43 0412 321
5 1 43 4012 012
5 1 43 4012 013
5 1 43 4012 021
5 1 43 4012 023
5 1 43 4012 031
5 1 43 4012 032
5 1 43 4012 102
5 1 43 4012 103
5 1 43 4012 120
5 1 43 4012 123
5 1 43 4012 130
5 1 43 4012 132
5 1 43 4012 201
5 1 43 4012 203
5 1 43 4012 210
5 1 43 4012 213
5 1 43 4012 230
5 1 43 4012 231
5 1 43 4012 301
5 1 43 4012 302
5 1 43 4012 310
5 1 43 4012 312
5 1 43 4012 320
5 1 43 4012 321
5 2 32 42 0134 012
5 2 32 42 0134 021
5 2 32 42 0134 102
5 2 32 42 0134 120
5 2 32 42 0134 201
5 2 32 42 0134 210
5 2 32 42 0314 012
5 2 32 42 0314 021
5 2 32 42 0314 102
5 2 32 42 0314 120
5 2 32 42 0314 201
5 2 32 42 0314 210
5 2 32 42 0341 012
5 2 32 42 0341 021
5 2 32 42 0341 102
5 2 32 42 0341 120
5 2 32 42 0341 201
5 2 32 42 0341 210
5 2 32 42 3014 012
5 2 32 42 3014 021
5 2 32 42 3014 102
5 2 32 42 3014 120
5 2 32 42 3014 201
5 2 32 42 3014 210
5 2 32 42 3041 012
5 2 32 42 3041 021
5 2 32 42 3041 102
5 2 32 42 3041 120
5 2 32 42 3041 201
5 2 32 42 3041 210
5 2 32 42 3401 012
5 2 32 42 3401 021
5 2 32 42 3401 102
5 2 32 42 3401 120
5 2 32 42 3401 201
5 2 32 42 3401 210
5 0 01234 012
5 0 01324 012
5 0 01342 012
5 0 02134 012
5 0 02314 012
5 0 02341 012
5 0 03124 012
5 0 03142 012
5 0 03214 012
5 0 03241 012
5 0 03412 012
5 0 03421 012
5 0 10234 012
5 0 10324 012
5 0 10342 012
5 0 12034 012
5 0 12304 012
5 0 12340 012
5 0 13024 012
5 0 13042 012
5 0 13204 012
5 0 13240 012
5 0 13402 012
5 0 13420 012
5 0 20134 012
5 0 20314 012
5 0 20341 012
5 0 21034 012
5 0 21304 012
5 0 21340 012
5 0 23014 012
5 0 23041 012
5 0 23104 012
5 0 23140 012
5 0 23401 012
5 0 23410 012
5 0 30124 012
5 0 30142 012
5 0 30214 012
5 0 30241 012
5 0 30412 012
5 0 30421 012
5 0 31024 012
5 0 31042 012
5 0 31204 012
5 0 31240 012
5 0 31402 012
5 0 31420 012
5 0 32014 012
5 0 32041 012
5 0 32104 012
5 0 32140 012
5 0 32401 012
5 0 32410 012
5 0 34012 012
5 0 34021 012
5 0 34102 012
5 0 34120 012
5 0 34201 012
5 0 34210 012
5 0 - 0123
5 1 34 - 0124
5 1 34 - 0142
5 1 34 - 0412
5 1 34 - 4012
5 2 23 24 - 0134
5 2 23 24 - 0314
5 2 23 24 - 0341
5 2 23 24 - 3014
5 2 23 24 - 3041
5 2 23 24 - 3401
5 3 12 13 14 - 0234
5 3 12 13 14 - 2034
5 3 12 13 14 - 2304
5 3 12 13 14 - 2340
5 4 01 02 03 04 - 1234
5 0 0 0123
5 0 0 1023
5 0 0 1203
5 0 0 1230
5 0 0 1234
5 1 34 0 0124
5 1 34 1 0124
5 1 34 2 0124
5 1 34 3 0124
5 1 34 0 0142
5 1 34 1 0142
5 1 34 2 0142
5 1 34 3 0142
5 1 34 0 0412
5 1 34 1 0412
5 1 34 2 0412
5 1 34 3 0412
5 1 34 0 4012
5 1 34 1 4012
5 1 34 2 4012
5 1 34 3 4012
5 2 23 24 0 0134
5 2 23 24 1 0134
5 2 23 24 2 0134
5 2 23 24 0 0314
5 2 23 24 1 0314
5 2 23 24 2 0314
5 2 23 24 0 0341
5 2 23 24 1 0341
5 2 23 24 2 0341
5 2 23 24 0 3014
5 2 23 24 1 3014
5 2 23 24 2 3014
5 2 23 24 0 3041
5 2 23 24 1 3041
5 2 23 24 2 3041
5 2 23 24 0 3401
5 2 23 24 1 3401
5 2 23 24 2 3401
5 3 12 13 14 0 0234
5 3 12 13 14 1 0234
5 3 12 13 14 0 2034
5 3 12 13 14 1 2034
5 3 12 13 14 0 2304
5 3 12 13 14 1 2304
5 3 12 13 14 0 2340
5 3 12 13 14 1 2340
5 4 01 02 03 04 0 1234
5 0 01 0123
5 0 01 0213
5 0 01 0231
5 0 01 0234
5 0 01 1023
5 0 01 1203
5 0 01 1230
5 0 01 1234
5 0 01 2013
5 0 01 2031
5 0 01 2034
5 0 01 2103
5 0 01 2130
5 0 01 2134
5 0 01 2301
5 0 01 2304
5 0 01 2310
5 0 01 2314
5 0 01 2340
5 0 01 2341
5 1 34 01 0124
5 1 34 02 0124
5 1 34 03 0124
5 1 34 10 0124
5 1 34 12 0124
5 1 34 13 0124
5 1 34 20 0124
5 1 34 21 0124
5 1 34 23 0124
5 1 34 30 0124
5 1 34 31 0124
5 1 34 32 0124
5 1 34 01 0142
5 1 34 02 0142
5 1 34 03 0142
5 1 34 10 0142
5 1 34 12 0142
5 1 34 13 0142
5 1 34 20 0142
5 1 34 21 0142
5 1 34 23 0142
5 1 34 30 0142
5 1 34 31 0142
5 1 34 32 0142
5 1 34 01 0412
5 1 34 02 0412
5 1 34 03 0412
5 1 34 10 0412
5 1 34 12 0412
5 1 34 13 0412
5 1 34 20 0412
5 1 34 21 0412
5 1 34 23 0412
5 1 34 30 0412
5 1 34 31 0412
5 1 34 32 0412
5 1 34 01 4012
5 1 34 02 4012
5 1 34 03 4012
5 1 34 10 4012
5 1 34 12 4012
5 1 34 13 4012
5 1 34 20 4012
5 1 34 21 4012
5 1 34 23 4012
5 1 34 30 4012
5 1 34 31 4012
5 1 34 32 4012
5 2 23 24 01 0134
5 2 23 24 02 0134
5 2 23 24 10 0134
5 2 23 24 12 0134
5 2 23 24 20 0134
5 2 23 24 21 0134
5 2 23 24 01 0314
5 2 23 24 02 0314
5 2 23 24 10 0314
5 2 23 24 12 0314
5 2 23 24 20 0314
5 2 23 24 21 0314
5 2 23 24 01 0341
5 2 23 24 02 0341
5 2 23 24 10 0341
5 2 23 24 12 0341
5 2 23 24 20 0341
5 2 23 24 21 0341
5 2 23 24 01 3014
5 2 23 24 02 3014
5 2 23 24 10 3014
5 2 23 24 12 3014
5 2 23 24 20 3014
5 2 23 24 21 3014
5 2 23 24 01 3041
5 2 23 24 02 3041
5 2 23 24 10 3041
5 2 23 24 12 3041
5 2 23 24 20 3041
5 2 23 24 21 3041
5 2 23 24 01 3401
5 2 23 24 02 3401
5 2 23 24 10 3401
5 2 23 24 12 3401
5 2 23 24 20 3401
5 2 23 24 21 3401
5 3 12 13 14 01 0234
5 3 12 13 14 10 0234
5 3 12 13 14 01 2034
5 3 12 13 14 10 2034
5 3 12 13 14 01 2304
5 3 12 13 14 10 2304
5 3 12 13 14 01 2340
5 3 12 13 14 10 2340
5 0 012 0123
5 0 012 0132
5 0 012 0134
5 0 012 0213
5 0 012 0231
5 0 012 0234
5 0 012 0312
5 0 012 0314
5 0 012 0321
5 0 012 0324
5 0 012 0341
5 0 012 0342
5 0 012 1023
5 0 012 1032
5 0 012 1034
5 0 012 1203
5 0 012 1230
5 0 012 1234
5 0 012 1302
5 0 012 1304
5 0 012 1320
5 0 012 1324
5 0 012 1340
5 0 012 1342
5 0 012 2013
5 0 012 2031
5 0 012 2034
5 0 012 2103
5 0 012 2130
5 0 012 2134
5 0 012 2301
5 0 012 2304
5 0 012 2310
5 0 012 2314
5 0 012 2340
5 0 012 2341
5 0 012 3012
5 0 012 3014
5 0 012 3021
5 0 012 3024
5 0 012 3041
5 0 012 3042
5 0 012 3102
5 0 012 3104
5 0 012 3120
5 0 012 3124
5 0 012 3140
5 0 012 3142
5 0 012 3201
5 0 012 3204
5 0 012 3210
5 0 012 3214
5 0 012 3240
5 0 012 3241
5 0 012 3401
5 0 012 3402
5 0 012 3410
5 0 012 3412
5 0 012 3420
5 0 012 3421
5 1 34 012 0124
5 1 34 013 0124
5 1 34 021 0124
5 1 34 023 0124
5 1 34 031 0124
5 1 34 032 0124
5 1 34 102 0124
5 1 34 103 0124
5 1 34 120 0124
5 1 34 123 0124
5 1 34 130 0124
5 1 34 132 0124
5 1 34 201 0124
5 1 34 203 0124
5 1 34 210 0124
5 1 34 213 0124
5 1 34 230 0124
5 1 34 231 0124
5 1 34 301 0124
5 1 34 302 0124
5 1 34 310 0124
5 1 34 312 0124
5 1 34 320 0124
5 1 34 321 0124
5 1 34 012 0142
5 1 34 013 0142
5 1 34 021 0142
5 1 34 023 0142
5 1 34 031 0142
5 1 34 032 0142
5 1 34 102 0142
5 1 34 103 0142
5 1 34 120 0142
5 1 34 123 0142
5 1 34 130 0142
5 1 34 132 0142
5 1 34 201 0142
5 1 34 203 0142
5 1 34 210 0142
5 1 34 213 0142
5 1 34 230 0142
5 1 34 231 0142
5 1 34 301 0142
5 1 34 302 0142
5 1 34 310 0142
5 1 34 312 0142
5 1 34 320 0142
5 1 34 321 0142
5 1 34 012 0412
5 1 34 013 0412
5 1 34 021 0412
5 1 34 023 0412
5 1 34 031 0412
5 1 34 032 0412
5 1 34 102 0412
5 1 34 103 0412
5 1 34 120 0412
5 1 34 123 0412
5 1 34 130 0412
5 1 34 132 0412
5 1 34 201 0412
5 1 34 203 0412
5 1 34 210 0412
5 1 34 213 0412
5 1 34 230 0412
5 1 34 231 0412
5 1 34 301 0412
5 1 34 302 0412
5 1 34 310 0412
5 1 34 312 0412
5 1 34 320 0412
5 1 34 321 0412
5 1 34 012 4012
5 1 34 013 4012
5 1 34 021 4012
5 1 34 023 4012
5 1 34 031 4012
5 1 34 032 4012
5 1 34 102 4012
5 1 34 103 4012
5 1 34 120 4012
5 1 34 123 4012
5 1 34 130 4012
5 1 34 132 4012
5 1 34 201 4012
5 1 34 203 4012
5 1 34 210 4012
5 1 34 213 4012
5 1 34 230 4012
5 1 34 231 4012
5 1 34 301 4012
5 1 34 302 4012
5 1 34 310 4012
5 1 34 312 4012
5 1 34 320 4012
5 1 34 321 4012
5 2 23 24 012 0134
5 2 23 24 021 0134
5 2 23 24 102 0134
5 2 23 24 120 0134
5 2 23 24 201 0134
5 2 23 24 210 0134
5 2 23 24 012 0314
5 2 23 24 021 0314
5 2 23 24 102 0314
5 2 23 24 120 0314
5 2 23 24 201 0314
5 2 23 24 210 0314
5 2 23 24 012 0341
5 2 23 24 021 0341
5 2 23 24 102 0341
5 2 23 24 120 0341
5 2 23 24 201 0341
5 2 23 24 210 0341
5 2 23 24 012 3014
5 2 23 24 021 3014
5 2 23 24 102 3014
5 2 23 24 120 3014
5 2 23 24 201 3014
5 2 23 24 210 3014
5 2 23 24 012 3041
5 2 23 24 021 3041
5 2 23 24 102 3041
5 2 23 24 120 3041
5 2 23 24 201 3041
5 2 23 24 210 3041
5 2 23 24 012 3401
5 2 23 24 021 3401
5 2 23 24 102 3401
5 2 23 24 120 3401
5 2 23 24 201 3401
5 2 23 24 210 3401
5 0 0123 0123
5 0 0123 0124
5 0 0123 0132
5 0 0123 0134
5 0 0123 0142
5 0 0123 0143
5 0 0123 0213
5 0 0123 0214
5 0 0123 0231
5 0 0123 0234
5 0 0123 0241
5 0 0123 0243
5 0 0123 0312
5 0 0123 0314
5 0 0123 0321
5 0 0123 0324
5 0 0123 0341
5 0 0123 0342
5 0 0123 0412
5 0 0123 0413
5 0 0123 0421
5 0 0123 0423
5 0 0123 0431
5 0 0123 0432
5 0 0123 1023
5 0 0123 1024
5 0 0123 1032
5 0 0123 1034
5 0 0123 1042
5 0 0123 1043
5 0 0123 1203
5 0 0123 1204
5 0 0123 1230
5 0 0123 1234
5 0 0123 1240
5 0 0123 1243
5 0 0123 1302
5 0 0123 1304
5 0 0123 1320
5 0 0123 1324
5 0 0123 1340
5 0 0123 1342
5 0 0123 1402
5 0 0123 1403
5 0 0123 1420
5 0 0123 1423
5 0 0123 1430
5 0 0123 1432
5 0 0123 2013
5 0 0123 2014
5 0 0123 2031
5 0 0123 2034
5 0 0123 2041
5 0 0123 2043
5 0 0123 2103
5 0 0123 2104
5 0 0123 2130
5 0 0123 2134
5 0 0123 2140
5 0 0123 2143
5 0 0123 2301
5 0 0123 2304
5 0 0123 2310
5 0 0123 2314
5 0 0123 2340
5 0 0123 2341
5 0 0123 2401
5 0 0123 2403
5 0 0123 2410
5 0 0123 2413
5 0 0123 2430
5 0 0123 2431
5 0 0123 3012
5 0 0123 3014
5 0 0123 3021
5 0 0123 3024
5 0 0123 3041
5 0 0123 3042
5 0 0123 3102
5 0 0123 3104
5 0 0123 3120
5 0 0123 3124
5 0 0123 3140
5 0 0123 3142
5 0 0123 3201
5 0 0123 3204
5 0 0123 3210
5 0 0123 3214
5 0 0123 3240
5 0 0123 3241
5 0 0123 3401
5 0 0123 3402
5 0 0123 3410
5 0 0123 3412
5 0 0123 3420
5 0 0123 3421
5 0 0123 4012
5 0 0123 4013
5 0 0123 4021
5 0 0123 4023
5 0 0123 4031
5 0 0123 4032
5 0 0123 4102
5 0 0123 4103
5 0 0123 4120
5 0 0123 4123
5 0 0123 4130
5 0 0123 4132
5 0 0123 4201
5 0 0123 4203
5 0 0123 4210
5 0 0123 4213
5 0 0123 4230
5 0 0123 4231
5 0 0123 4301
5 0 0123 4302
5 0 0123 4310
5 0 0123 4312
5 0 0123 4320
5 0 0123 4321
5 1 34 0123 0124
5 1 34 0132 0124
5 1 34 0213 0124
5 1 34 0231 0124
5 1 34 0312 0124
5 1 34 0321 0124
5 1 34 1023 0124
5 1 34 1032 0124
5 1 34 1203 0124
5 1 34 1230 0124
5 1 34 1302 0124
5 1 34 1320 0124
5 1 34 2013 0124
5 1 34 2031 0124
5 1 34 2103 0124
5 1 34 2130 0124
5 1 34 2301 0124
5 1 34 2310 0124
5 1 34 3012 0124
5 1 34 3021 0124
5 1 34 3102 0124
5 1 34 3120 0124
5 1 34 3201 0124
5 1 34 3210 0124
5 1 34 0123 0142
5 1 34 0132 0142
5 1 34 0213 0142
5 1 34 0231 0142
5 1 34 0312 0142
5 1 34 0321 0142
5 1 34 1023 0142
5 1 34 1032 0142
5 1 34 1203 0142
5 1 34 1230 0142
5 1 34 1302 0142
5 1 34 1320 0142
5 1 34 2013 0142
5 1 34 2031 0142
5 1 34 2103 0142
5 1 34 2130 0142
5 1 34 2301 0142
5 1 34 2310 0142
5 1 34 3012 0142
5 1 34 3021 0142
5 1 34 3102 0142
5 1 34 3120 0142
5 1 34 3201 0142
5 1 34 3210 0142
5 1 34 0123 0412
5 1 34 0132 0412
5 1 34 0213 0412
5 1 34 0231 0412
5 1 34 0312 0412
5 1 34 0321 0412
5 1 34 1023 0412
5 1 34 1032 0412
5 1 34 1203 0412
5 1 34 1230 0412
5 1 34 1302 0412
5 1 34 1320 0412
5 1 34 2013 0412
5 1 34 2031 0412
5 1 34 2103 0412
5 1 34 2130 0412
5 1 34 2301 0412
5 1 34 2310 0412
5 1 34 3012 0412
5 1 34 3021 0412
5 1 34 3102 0412
5 1 34 3120 0412
5 1 34 3201 0412
5 1 34 3210 0412
5 1 34 0123 4012
5 1 34 0132 4012
5 1 34 0213 4012
5 1 34 0231 4012
5 1 34 0312 4012
5 1 34 0321 4012
5 1 34 1023 4012
5 1 34 1032 4012
5 1 34 1203 4012
5 1 34 1230 4012
5 1 34 1302 4012
5 1 34 1320 4012
5 1 34 2013 4012
5 1 34 2031 4012
5 1 34 2103 4012
5 1 34 2130 4012
5 1 34 2301 4012
5 1 34 2310 4012
5 1 34 3012 4012
5 1 34 3021 4012
5 1 34 3102 4012
5 1 34 3120 4012
5 1 34 3201 4012
5 1 34 3210 4012
5 0 01234 0123
5 0 01243 0123
5 0 01324 0123
5 0 01342 0123
5 0 01423 0123
5 0 01432 0123
5 0 02134 0123
5 0 02143 0123
5 0 02314 0123
5 0 02341 0123
5 0 02413 0123
5 0 02431 0123
5 0 03124 0123
5 0 03142 0123
5 0 03214 0123
5 0 03241 0123
5 0 03412 0123
5 0 03421 0123
5 0 04123 0123
5 0 04132 0123
5 0 04213 0123
5 0 04231 0123
5 0 04312 0123
5 0 04321 0123
5 0 10234 0123
5 0 10243 0123
5 0 10324 0123
5 0 10342 0123
5 0 10423 0123
5 0 10432 0123
5 0 12034 0123
5 0 12043 0123
5 0 12304 0123
5 0 12340 0123
5 0 12403 0123
5 0 12430 0123
5 0 13024 0123
5 0 13042 0123
5 0 13204 0123
5 0 13240 0123
5 0 13402 0123
5 0 13420 0123
5 0 14023 0123
5 0 14032 0123
5 0 14203 0123
5 0 14230 0123
5 0 14302 0123
5 0 14320 0123
5 0 20134 0123
5 0 20143 0123
5 0 20314 0123
5 0 20341 0123
5 0 20413 0123
5 0 20431 0123
5 0 21034 0123
5 0 21043 0123
5 0 21304 0123
5 0 21340 0123
5 0 21403 0123
5 0 21430 0123
5 0 23014 0123
5 0 23041 0123
5 0 23104 0123
5 0 23140 0123
5 0 23401 0123
5 0 23410 0123
5 0 24013 0123
5 0 24031 0123
5 0 24103 0123
5 0 24130 0123
5 0 24301 0123
5 0 24310 0123
5 0 30124 0123
5 0 30142 0123
5 0 30214 0123
5 0 30241 0123
5 0 30412 0123
5 0 30421 0123
5 0 31024 0123
5 0 31042 0123
5 0 31204 0123
5 0 31240 0123
5 0 31402 0123
5 0 31420 0123
5 0 32014 0123
5 0 32041 0123
5 0 32104 0123
5 0 32140 0123
5 0 32401 0123
5 0 32410 0123
5 0 34012 0123
5 0 34021 0123
5 0 34102 0123
5 0 34120 0123
5 0 34201 0123
5 0 34210 0123
5 0 40123 0123
5 0 40132 0123
5 0 40213 0123
5 0 40231 0123
5 0 40312 0123
5 0 40321 0123
5 0 41023 0123
5 0 41032 0123
5 0 41203 0123
5 0 41230 0123
5 0 41302 0123
5 0 41320 0123
5 0 42013 0123
5 0 42031 0123
5 0 42103 0123
5 0 42130 0123
5 0 42301 0123
5 0 42310 0123
5 0 43012 0123
5 0 43021 0123
5 0 43102 0123
5 0 43120 0123
5 0 43201 0123
5 0 43210 0123
5 0 - 01234
5 0 0 01234
5 0 0 10234
5 0 0 12034
5 0 0 12304
5 0 0 12340
5 0 01 01234
5 0 01 02134
5 0 01 02314
5 0 01 02341
5 0 01 10234
5 0 01 12034
5 0 01 12304
5 0 01 12340
5 0 01 20134
5 0 01 20314
5 0 01 20341
5 0 01 21034
5 0 01 21304
5 0 01 21340
5 0 01 23014
5 0 01 23041
5 0 01 23104
5 0 01 23140
5 0 01 23401
5 0 01 23410
5 0 012 01234
5 0 012 01324
5 0 012 01342
5 0 012 02134
5 0 012 02314
5 0 012 02341
5 0 012 03124
5 0 012 03142
5 0 012 03214
5 0 012 03241
5 0 012 03412
5 0 012 03421
5 0 012 10234
5 0 012 10324
5 0 012 10342
5 0 012 12034
5 0 012 12304
5 0 012 12340
5 0 012 13024
5 0 012 13042
5 0 012 13204
5 0 012 13240
5 0 012 13402
5 0 012 13420
5 0 012 20134
5 0 012 20314
5 0 012 20341
5 0 012 21034
5 0 012 21304
5 0 012 21340
5 0 012 23014
5 0 012 23041
5 0 012 23104
5 0 012 23140
5 0 012 23401
5 0 012 23410
5 0 012 30124
5 0 012 30142
5 0 012 30214
5 0 012 30241
5 0 012 30412
5 0 012 30421
5 0 012 31024
5 0 012 31042
5 0 012 31204
5 0 012 31240
5 0 012 31402
5 0 012 31420
5 0 012 32014
5 0 012 32041
5 0 012 32104
5 0 012 32140
5 0 012 32401
5 0 012 32410
5 0 012 34012
5 0 012 34021
5 0 012 34102
5 0 012 34120
5 0 012 34201
5 0 012 34210
5 0 0123 01234
5 0 0123 01243
5 0 0123 01324
5 0 0123 01342
5 0 0123 01423
5 0 0123 01432
5 0 0123 02134
5 0 0123 02143
5 0 0123 02314
5 0 0123 02341
5 0 0123 02413
5 0 0123 02431
5 0 0123 03124
5 0 0123 03142
5 0 0123 03214
5 0 0123 03241
5 0 0123 03412
5 0 0123 03421
5 0 0123 04123
5 0 0123 04132
5 0 0123 04213
5 0 0123 04231
5 0 0123 04312
5 0 0123 04321
5 0 0123 10234
5 0 0123 10243
5 0 0123 10324
5 0 0123 10342
5 0 0123 10423
5 0 0123 10432
5 0 0123 12034
5 0 0123 12043
5 0 0123 12304
5 0 0123 12340
5 0 0123 12403
5 0 0123 12430
5 0 0123 13024
5 0 0123 13042
5 0 0123 13204
5 0 0123 13240
5 0 0123 13402
5 0 0123 13420
5 0 0123 14023
5 0 0123 14032
5 0 0123 14203
5 0 0123 14230
5 0 0123 14302
5 0 0123 14320
5 0 0123 20134
5 0 0123 20143
5 0 0123 20314
5 0 0123 20341
5 0 0123 20413
5 0 0123 20431
5 0 0123 21034
5 0 0123 21043
5 0 0123 21304
5 0 0123 21340
5 0 0123 21403
5 0 0123 21430
5 0 0123 23014
5 0 0123 23041
5 0 0123 23104
5 0 0123 23140
5 0 0123 23401
5 0 0123 23410
5 0 0123 24013
5 0 0123 24031
5 0 0123 24103
5 0 0123 24130
5 0 0123 24301
5 0 0123 24310
5 0 0123 30124
5 0 0123 30142
5 0 0123 30214
5 0 0123 30241
5 0 0123 30412
5 0 0123 30421
5 0 0123 31024
5 0 0123 31042
5 0 0123 31204
5 0 0123 31240
5 0 0123 31402
5 0 0123 31420
5 0 0123 32014
5 0 0123 32041
5 0 0123 32104
5 0 0123 32140
5 0 0123 32401
5 0 0123 32410
5 0 0123 34012
5 0 0123 34021
5 0 0123 34102
5 0 0123 34120
5 0 0123 34201
5 0 0123 34210
5 0 0123 40123
5 0 0123 40132
5 0 0123 40213
5 0 0123 40231
5 0 0123 40312
5 0 0123 40321
5 0 0123 41023
5 0 0123 41032
5 0 0123 41203
5 0 0123 41230
5 0 0123 41302
5 0 0123 41320
5 0 0123 42013
5 0 0123 42031
5 0 0123 42103
5 0 0123 42130
5 0 0123 42301
5 0 0123 42310
5 0 0123 43012
5 0 0123 43021
5 0 0123 43102
5 0 0123 43120
5 0 0123 43201
5 0 0123 43210
5 0 01234 01234
5 0 01234 01243
5 0 01234 01324
5 0 01234 01342
5 0 01234 01423
5 0 01234 01432
5 0 01234 02134
5 0 01234 02143
5 0 01234 02314
5 0 01234 02341
5 0 01234 02413
5 0 01234 02431
5 0 01234 03124
5 0 01234 03142
5 0 01234 03214
5 0 01234 03241
5 0 01234 03412
5 0 01234 03421
5 0 01234 04123
5 0 01234 04132
5 0 01234 04213
5 0 01234 04231
5 0 01234 04312
5 0 01234 04321
5 0 01234 10234
5 0 01234 10243
5 0 01234 10324
5 0 01234 10342
5 0 01234 10423
5 0 01234 10432
5 0 01234 12034
5 0 01234 12043
5 0 01234 12304
5 0 01234 12340
5 0 01234 12403
5 0 01234 12430
5 0 01234 13024
5 0 01234 13042
5 0 01234 13204
5 0 01234 13240
5 0 01234 13402
5 0 01234 13420
5 0 01234 14023
5 0 01234 14032
5 0 01234 14203
5 0 01234 14230
5 0 01234 14302
5 0 01234 14320
5 0 01234 20134
5 0 01234 20143
5 0 01234 20314
5 0 01234 20341
5 0 01234 20413
5 0 01234 20431
5 0 01234 21034
5 0 01234 21043
5 0 01234 21304
5 0 01234 21340
5 0 01234 21403
5 0 01234 21430
5 0 01234 23014
5 0 01234 23041
5 0 01234 23104
5 0 01234 23140
5 0 01234 23401
5 0 01234 23410
5 0 01234 24013
5 0 01234 24031
5 0 01234 24103
5 0 01234 24130
5 0 01234 24301
5 0 01234 24310
5 0 01234 30124
5 0 01234 30142
5 0 01234 30214
5 0 01234 30241
5 0 01234 30412
5 0 01234 30421
5 0 01234 31024
5 0 01234 31042
5 0 01234 31204
5 0 01234 31240
5 0 01234 31402
5 0 01234 31420
5 0 01234 32014
5 0 01234 32041
5 0 01234 32104
5 0 01234 32140
5 0 01234 32401
5 0 01234 32410
5 0 01234 34012
5 0 01234 34021
5 0 01234 34102
5 0 01234 34120
5 0 01234 34201
5 0 01234 34210
5 0 01234 40123
5 0 01234 40132
5 0 01234 40213
5 0 01234 40231
5 0 01234 40312
5 0 01234 40321
5 0 01234 41023
5 0 01234 41032
5 0 01234 41203
5 0 01234 41230
5 0 01234 41302
5 0 01234 41320
5 0 01234 42013
5 0 01234 42031
5 0 01234 42103
5 0 01234 42130
5 0 01234 42301
5 0 01234 42310
5 0 01234 43012
5 0 01234 43021
5 0 01234 43102
5 0 01234 43120
5 0 01234 43201
5 0 01234 43210
