5 0
5 1 34
5 2 23 24
5 2 24 34
5 2 12 34
5 3 12 13 14
5 3 14 24 34
5 2 23 34
5 3 01 02 34
5 3 02 12 34
5 4 04 14 24 34
5 4 01 02 03 04
5 3 12 13 34
5 4 13 14 23 24
5 3 14 23 34
5 3 01 23 34
5 4 01 02 03 34
5 4 04 14 23 34
5 3 12 23 24
5 4 12 13 24 34
5 3 13 23 34
5 6 03 04 13 14 23 24
5 6 02 03 04 12 13 14
5 4 01 02 23 24
5 5 01 02 03 24 34
5 5 04 12 13 24 34
5 4 01 03 12 34
5 4 04 13 23 34
5 4 01 14 23 34
5 3 12 23 34
5 4 03 13 23 34
5 5 03 04 12 23 24
5 5 02 03 12 13 34
5 4 01 12 13 14
5 6 01 02 03 14 24 34
5 4 01 02 23 34
5 4 04 12 23 34
5 4 03 12 23 34
5 6 01 02 13 14 23 24
5 4 02 12 23 24
5 6 02 03 12 13 24 34
5 4 01 12 13 34
5 5 01 02 14 23 34
5 5 01 02 13 23 34
5 4 02 12 23 34
5 4 01 12 23 24
5 5 01 12 13 24 34
5 4 01 12 23 34
