6 0
6 1 45
6 2 34 35
6 2 35 45
6 2 23 45
6 2 34 45
6 3 23 24 25
6 3 25 35 45
6 3 12 34 35
6 3 12 35 45
6 3 01 23 45
6 3 23 24 45
6 4 24 25 34 35
6 3 25 34 45
6 4 12 13 14 15
6 4 15 25 35 45
6 3 12 34 45
6 4 01 23 24 25
6 4 01 25 35 45
6 4 01 02 34 35
6 4 01 02 35 45
6 4 02 12 35 45
6 5 05 15 25 35 45
6 5 01 02 03 04 05
6 3 23 34 35
6 4 23 24 35 45
6 3 24 34 45
6 4 12 13 14 45
6 4 15 25 34 45
6 4 01 23 24 45
6 5 01 24 25 34 35
6 4 01 25 34 45
6 4 01 02 34 45
6 4 02 12 34 45
6 5 05 15 25 34 45
6 5 01 02 03 04 45
6 3 23 34 45
6 4 12 13 34 35
6 5 12 13 14 35 45
6 4 12 14 23 45
6 6 13 14 15 23 24 25
6 6 14 15 24 25 34 35
6 5 15 23 24 35 45
6 4 15 24 34 45
6 4 12 25 34 45
6 4 01 23 34 35
6 5 01 23 24 35 45
6 4 01 24 34 45
6 4 01 12 34 45
6 6 05 15 23 24 35 45
6 5 05 15 24 34 45
6 5 05 12 25 34 45
6 5 01 02 03 34 35
6 6 01 02 03 04 35 45
6 5 01 02 04 23 45
6 4 12 23 24 25
6 6 12 13 14 25 35 45
6 4 12 13 34 45
6 5 13 14 23 24 45
6 4 14 24 34 45
6 5 14 15 23 34 35
6 4 15 23 34 45
6 4 01 23 34 45
6 8 04 05 14 15 24 25 34 35
6 8 02 03 04 05 12 13 14 15
6 7 05 12 13 14 25 35 45
6 5 05 14 24 34 45
6 5 01 02 23 24 25
6 5 05 15 23 34 45
6 7 01 02 03 04 25 35 45
6 5 01 02 03 34 45
6 6 01 15 23 24 35 45
6 5 01 03 12 34 35
6 6 01 03 04 12 35 45
6 5 01 15 24 34 45
6 4 12 23 24 45
6 6 12 13 24 25 34 35
6 5 12 13 25 34 45
6 4 13 23 34 35
6 6 13 14 23 24 35 45
6 4 14 23 34 45
6 9 03 04 05 13 14 15 23 24 25
6 5 04 14 24 34 45
6 7 04 05 14 15 23 34 35
6 7 02 03 04 12 13 14 45
6 5 01 12 13 14 15
6 8 01 02 03 04 15 25 35 45
6 5 01 02 23 24 45
6 7 01 02 03 24 25 34 35
6 6 01 02 03 25 34 45
6 5 01 03 12 34 45
6 6 05 12 13 25 34 45
6 7 05 13 14 23 24 35 45
6 5 05 14 23 34 45
6 5 01 15 23 34 45
6 4 12 23 34 35
6 5 12 23 24 35 45
6 5 12 13 24 34 45
6 4 13 23 34 45
6 7 03 04 13 14 23 24 45
6 7 03 04 05 12 23 24 25
6 5 04 14 23 34 45
6 8 04 05 12 13 24 25 34 35
6 6 02 03 12 13 34 35
6 8 02 03 04 12 13 14 35 45
6 6 02 04 12 14 23 45
6 6 04 05 13 23 34 35
6 6 01 14 15 23 34 35
6 5 01 12 13 14 45
6 7 01 02 03 15 25 34 45
6 5 01 02 23 34 35
6 6 01 02 23 24 35 45
6 6 01 02 03 24 34 45
6 6 05 12 23 24 35 45
6 6 05 12 13 24 34 45
6 5 05 13 23 34 45
6 4 12 23 34 45
6 5 03 13 23 34 35
6 8 03 04 13 14 23 24 35 45
6 6 03 04 12 23 24 45
6 8 01 02 13 14 15 23 24 25
6 5 02 12 23 24 25
6 6 04 12 13 24 34 45
6 9 02 03 04 12 13 14 25 35 45
6 5 04 13 23 34 45
6 6 02 03 12 13 34 45
6 5 01 14 23 34 45
6 9 01 02 03 14 15 24 25 34 35
6 5 01 12 13 34 35
6 6 04 05 12 23 34 35
6 6 01 12 13 14 35 45
6 5 01 12 14 23 45
6 7 01 02 15 23 24 35 45
6 7 01 02 03 15 24 34 45
6 6 01 03 12 25 34 45
6 5 01 02 23 34 45
6 5 05 12 23 34 45
6 5 03 13 23 34 45
6 5 03 12 23 34 35
6 7 03 04 12 23 24 35 45
6 7 01 02 13 14 23 24 45
6 5 02 12 23 24 45
6 5 01 12 23 24 25
6 8 02 03 12 13 24 25 34 35
6 7 02 03 12 13 25 34 45
6 7 01 02 03 14 24 34 45
6 5 04 12 23 34 45
6 7 01 02 14 15 23 34 35
6 7 01 12 13 14 25 35 45
6 5 01 12 13 34 45
6 6 01 02 15 23 34 45
6 5 03 12 23 34 45
6 6 01 02 13 23 34 35
6 8 01 02 13 14 23 24 35 45
6 5 02 12 23 34 35
6 6 02 12 23 24 35 45
6 5 01 12 23 24 45
6 7 02 03 12 13 24 34 45
6 6 01 02 14 23 34 45
6 7 01 12 13 24 25 34 35
6 6 01 12 13 25 34 45
6 6 01 02 13 23 34 45
6 5 02 12 23 34 45
6 5 01 12 23 34 35
6 6 01 12 23 24 35 45
6 6 01 12 13 24 34 45
6 5 01 12 23 34 45
