7 0
7 1 56
7 2 45 46
7 2 46 56
7 2 34 56
7 3 34 35 36
7 2 45 56
7 3 36 46 56
7 3 23 45 46
7 3 23 46 56
7 3 12 34 56
7 4 23 24 25 26
7 4 26 36 46 56
7 3 34 35 56
7 4 35 36 45 46
7 3 36 45 56
7 3 23 45 56
7 4 12 34 35 36
7 4 12 36 46 56
7 4 12 13 45 46
7 4 12 13 46 56
7 4 13 23 46 56
7 4 01 23 24 56
7 4 01 24 34 56
7 4 23 24 25 56
7 4 26 36 45 56
7 3 34 45 46
7 4 34 35 46 56
7 3 35 45 56
7 5 12 13 14 15 16
7 5 16 26 36 46 56
7 4 12 34 35 56
7 5 12 35 36 45 46
7 4 12 36 45 56
7 4 12 13 45 56
7 4 13 23 45 56
7 5 01 02 03 04 56
7 5 04 14 24 34 56
7 4 01 23 45 56
7 5 01 02 03 45 46
7 5 01 02 03 46 56
7 5 03 13 23 45 46
7 5 03 13 23 46 56
7 6 06 16 26 36 46 56
7 6 01 02 03 04 05 06
7 4 23 24 45 46
7 5 23 24 25 46 56
7 4 23 25 34 56
7 6 24 25 26 34 35 36
7 6 25 26 35 36 45 46
7 5 26 34 35 46 56
7 4 26 35 45 56
7 4 23 36 45 56
7 3 34 45 56
7 5 12 13 14 15 56
7 5 16 26 36 45 56
7 4 12 34 45 46
7 5 12 34 35 46 56
7 4 12 35 45 56
7 4 12 23 45 56
7 5 01 02 03 45 56
7 5 01 02 03 34 56
7 5 04 14 23 34 56
7 5 03 13 23 45 56
7 5 01 02 23 45 46
7 5 01 02 23 46 56
7 6 02 03 12 13 45 46
7 6 02 03 12 13 46 56
7 5 03 12 23 45 46
7 5 03 12 23 46 56
7 6 06 16 26 36 45 56
7 6 01 02 03 04 05 56
7 4 23 34 35 36
7 6 23 24 25 36 46 56
7 4 23 24 45 56
7 5 24 25 34 35 56
7 4 25 35 45 56
7 5 25 26 34 45 46
7 4 26 34 45 56
7 5 12 13 14 45 46
7 6 12 13 14 15 46 56
7 5 12 13 15 34 56
7 6 16 26 34 35 46 56
7 5 16 26 35 45 56
7 5 16 23 36 45 56
7 4 12 34 45 56
7 5 01 23 24 45 46
7 6 01 23 24 25 46 56
7 5 01 23 25 34 56
7 7 01 24 25 26 34 35 36
7 7 01 25 26 35 36 45 46
7 6 01 26 34 35 46 56
7 5 01 26 35 45 56
7 5 01 23 36 45 56
7 5 01 02 23 45 56
7 6 02 03 12 13 45 56
7 5 03 12 23 45 56
7 5 01 12 13 45 46
7 5 01 12 13 46 56
7 6 01 02 34 35 46 56
7 5 01 02 35 45 56
7 6 01 02 13 23 46 56
7 5 02 12 23 46 56
7 7 06 16 26 34 35 46 56
7 6 06 16 26 35 45 56
7 6 06 16 23 36 45 56
7 6 01 02 03 04 45 46
7 7 01 02 03 04 05 46 56
7 6 01 02 03 05 34 56
7 4 23 34 35 56
7 6 23 24 35 36 45 46
7 5 23 24 36 45 56
7 4 24 34 45 46
7 6 24 25 34 35 46 56
7 4 25 34 45 56
7 5 12 13 34 35 36
7 7 12 13 14 15 36 46 56
7 5 12 13 14 45 56
7 5 12 14 23 45 46
7 6 12 14 15 23 46 56
7 8 13 14 15 16 23 24 25 26
7 8 15 16 25 26 35 36 45 46
7 7 16 23 24 25 36 46 56
7 5 16 25 35 45 56
7 5 16 26 34 45 56
7 6 12 26 34 35 46 56
7 5 12 26 35 45 56
7 5 01 23 34 35 36
7 7 01 23 24 25 36 46 56
7 5 01 23 24 45 56
7 6 01 24 25 34 35 56
7 5 01 25 35 45 56
7 6 01 25 26 34 45 46
7 5 01 26 34 45 56
7 5 01 12 13 45 56
7 5 01 02 34 45 56
7 6 01 02 13 23 45 56
7 5 02 12 23 45 56
7 5 01 12 23 46 56
7 8 06 16 23 24 25 36 46 56
7 6 06 16 25 35 45 56
7 6 06 16 26 34 45 56
7 6 01 02 03 34 35 36
7 8 01 02 03 04 05 36 46 56
7 6 01 02 03 04 45 56
7 7 06 12 26 34 35 46 56
7 6 01 02 04 23 45 46
7 7 01 02 04 05 23 46 56
7 6 01 03 05 12 34 56
7 6 06 12 26 35 45 56
7 6 01 16 23 36 45 56
7 4 23 34 45 46
7 5 23 34 35 46 56
7 5 23 24 35 45 56
7 4 24 34 45 56
7 5 12 23 24 25 26
7 8 12 13 14 15 26 36 46 56
7 5 12 13 34 35 56
7 7 12 13 14 35 36 45 46
7 6 12 13 14 36 45 56
7 5 12 14 23 45 56
7 7 13 14 15 23 24 25 56
7 9 14 15 16 24 25 26 34 35 36
7 5 15 25 35 45 56
7 7 15 16 25 26 34 45 46
7 6 16 23 24 36 45 56
7 7 16 24 25 34 35 46 56
7 5 16 25 34 45 56
7 5 12 26 34 45 56
7 5 01 23 34 35 56
7 7 01 23 24 35 36 45 46
7 6 01 23 24 36 45 56
7 5 01 24 34 45 46
7 7 01 24 25 34 35 46 56
7 5 01 25 34 45 56
7 5 01 12 23 45 56
7 a 05 06 15 16 25 26 35 36 45 46
7 a 02 03 04 05 06 12 13 14 15 16
7 6 01 02 23 24 25 26
7 9 01 02 03 04 05 26 36 46 56
7 6 01 02 03 34 35 56
7 8 01 02 03 04 35 36 45 46
7 7 01 02 03 04 36 45 56
7 9 06 12 13 14 15 26 36 46 56
7 6 01 02 04 23 45 56
7 6 01 03 12 34 35 36
7 6 06 15 25 35 45 56
7 8 01 03 04 05 12 36 46 56
7 6 01 04 12 13 45 46
7 7 01 04 05 12 13 46 56
7 7 06 16 23 24 36 45 56
7 8 01 02 04 05 13 23 46 56
7 8 06 16 24 25 34 35 46 56
7 6 06 16 25 34 45 56
7 6 06 12 26 34 45 56
7 8 01 16 23 24 25 36 46 56
7 6 01 16 25 35 45 56
7 8 01 02 16 26 34 35 46 56
7 7 01 02 16 26 35 45 56
7 6 02 12 26 35 45 56
7 4 23 34 45 56
7 5 12 23 24 25 56
7 7 12 13 14 26 36 45 56
7 5 12 13 34 45 46
7 6 12 13 34 35 46 56
7 6 12 13 14 35 45 56
7 6 13 14 23 24 45 46
7 8 13 14 15 23 24 25 46 56
7 6 13 15 23 25 34 56
7 7 14 15 24 25 34 35 56
7 7 14 15 16 23 34 35 36
7 5 15 25 34 45 56
7 8 15 16 23 24 35 36 45 46
7 6 15 16 24 34 45 46
7 6 12 25 26 34 45 46
7 6 16 23 34 35 46 56
7 6 16 23 24 35 45 56
7 5 16 24 34 45 56
7 5 01 23 34 45 46
7 6 01 23 34 35 46 56
7 6 01 23 24 35 45 56
7 5 01 24 34 45 56
7 6 05 15 25 35 45 56
7 9 05 06 15 16 25 26 34 45 46
7 9 02 03 04 05 12 13 14 15 56
7 6 01 12 13 14 15 16
7 a 01 02 03 04 05 16 26 36 46 56
7 6 01 02 23 24 25 56
7 8 01 02 03 04 26 36 45 56
7 6 01 02 03 34 45 46
7 7 01 02 03 34 35 46 56
7 7 01 02 03 04 35 45 56
7 6 01 03 12 34 35 56
7 8 01 03 04 12 35 36 45 46
7 7 01 03 04 12 36 45 56
7 6 01 04 12 13 45 56
7 7 01 02 04 13 23 45 56
7 8 06 12 13 14 26 36 45 56
7 6 06 15 25 34 45 56
7 7 06 16 23 34 35 46 56
7 7 06 16 23 24 35 45 56
7 6 06 16 24 34 45 56
7 7 01 16 23 24 36 45 56
7 8 01 16 24 25 34 35 46 56
7 6 01 16 25 34 45 56
7 7 01 02 16 26 34 45 56
7 6 02 12 26 34 45 56
7 5 12 23 24 45 46
7 6 12 23 24 25 46 56
7 5 12 23 25 34 56
7 8 12 13 24 25 26 34 35 36
7 9 12 13 14 25 26 35 36 45 46
7 7 12 13 26 34 35 46 56
7 7 12 13 14 26 35 45 56
7 6 12 14 23 36 45 56
7 5 12 13 34 45 56
7 5 13 23 34 35 36
7 9 13 14 15 23 24 25 36 46 56
7 6 13 14 23 24 45 56
7 5 14 24 34 45 46
7 8 14 15 24 25 34 35 46 56
7 6 14 15 23 34 35 56
7 6 15 23 24 35 45 56
7 5 15 24 34 45 56
7 5 12 25 34 45 56
7 6 15 16 23 34 45 46
7 5 16 23 34 45 56
7 5 01 23 34 45 56
7 c 04 05 06 14 15 16 24 25 26 34 35 36
7 c 03 04 05 06 13 14 15 16 23 24 25 26
7 6 05 15 25 34 45 56
7 a 05 06 15 16 23 24 35 36 45 46
7 8 05 06 15 16 24 34 45 46
7 8 05 06 12 25 26 34 45 46
7 8 02 03 04 12 13 14 45 46
7 a 02 03 04 05 12 13 14 15 46 56
7 8 02 03 05 12 13 15 34 56
7 6 01 12 13 14 15 56
7 9 01 02 03 04 16 26 36 45 56
7 6 01 02 23 24 45 46
7 7 01 02 23 24 25 46 56
7 6 01 02 23 25 34 56
7 9 01 02 03 24 25 26 34 35 36
7 a 01 02 03 04 25 26 35 36 45 46
7 8 01 02 03 26 34 35 46 56
7 8 01 02 03 04 26 35 45 56
7 7 01 02 04 23 36 45 56
7 6 01 02 03 34 45 56
7 6 01 03 12 34 45 46
7 7 01 03 12 34 35 46 56
7 7 01 03 04 12 35 45 56
7 6 01 04 12 23 45 56
7 8 06 12 13 26 34 35 46 56
7 8 06 12 13 14 26 35 45 56
7 7 06 12 14 23 36 45 56
7 a 06 13 14 15 23 24 25 36 46 56
7 9 06 14 15 24 25 34 35 46 56
7 7 06 15 23 24 35 45 56
7 6 06 15 24 34 45 56
7 6 06 12 25 34 45 56
7 6 06 16 23 34 45 56
7 7 01 16 23 34 35 46 56
7 7 01 16 23 24 35 45 56
7 6 01 16 24 34 45 56
7 6 01 12 26 34 45 56
7 5 12 23 34 35 36
7 7 12 23 24 25 36 46 56
7 5 12 23 24 45 56
7 7 12 13 24 25 34 35 56
7 7 12 13 14 25 35 45 56
7 7 12 13 25 26 34 45 46
7 6 12 13 26 34 45 56
7 5 13 23 34 35 56
7 8 13 14 23 24 35 36 45 46
7 7 13 14 23 24 36 45 56
7 5 14 24 34 45 56
7 5 14 23 34 45 46
7 7 14 15 23 34 35 46 56
7 5 15 23 34 45 56
7 9 04 05 14 15 24 25 34 35 56
7 a 03 04 05 13 14 15 23 24 25 56
7 a 04 05 06 14 15 16 23 34 35 36
7 9 03 04 05 06 12 23 24 25 26
7 7 05 15 23 24 35 45 56
7 6 05 15 24 34 45 56
7 6 05 12 25 34 45 56
7 b 05 06 12 13 14 25 26 35 36 45 46
7 7 02 03 12 13 34 35 36
7 7 05 06 14 24 34 45 46
7 b 02 03 04 05 12 13 14 15 36 46 56
7 8 02 03 04 12 13 14 45 56
7 8 05 06 15 16 23 34 45 46
7 7 02 04 12 14 23 45 46
7 9 02 04 05 12 14 15 23 46 56
7 9 01 15 16 23 24 35 36 45 46
7 7 01 15 16 24 34 45 46
7 6 01 12 13 14 45 46
7 7 01 12 13 14 15 46 56
7 6 01 12 13 15 34 56
7 9 01 02 03 16 26 34 35 46 56
7 9 01 02 03 04 16 26 35 45 56
7 8 01 02 04 16 23 36 45 56
7 6 01 02 23 34 35 36
7 8 01 02 23 24 25 36 46 56
7 6 01 02 23 24 45 56
7 8 01 02 03 24 25 34 35 56
7 8 01 02 03 04 25 35 45 56
7 8 01 02 03 25 26 34 45 46
7 7 01 02 03 26 34 45 56
7 6 01 03 12 34 45 56
7 8 06 12 23 24 25 36 46 56
7 8 06 12 13 14 25 35 45 56
7 7 06 12 13 26 34 45 56
7 8 06 13 14 23 24 36 45 56
7 6 06 14 24 34 45 56
7 8 06 14 15 23 34 35 46 56
7 6 06 15 23 34 45 56
7 6 01 16 23 34 45 56
7 5 12 23 34 35 56
7 7 12 23 24 35 36 45 46
7 6 12 23 24 36 45 56
7 6 12 13 24 34 45 46
7 8 12 13 24 25 34 35 46 56
7 6 12 13 25 34 45 56
7 5 13 23 34 45 46
7 6 13 23 34 35 46 56
7 7 13 14 23 24 35 45 56
7 5 14 23 34 45 56
7 6 04 14 24 34 45 46
7 a 04 05 14 15 24 25 34 35 46 56
7 8 03 04 13 14 23 24 45 46
7 b 03 04 05 13 14 15 23 24 25 46 56
7 8 03 05 13 15 23 25 34 56
7 8 04 05 14 15 23 34 35 56
7 b 04 05 06 12 13 24 25 26 34 35 36
7 8 03 04 05 12 23 24 25 56
7 8 04 05 06 13 23 34 35 36
7 a 01 02 13 14 15 16 23 24 25 26
7 8 01 14 15 16 23 34 35 36
7 6 02 12 23 24 25 26
7 8 05 12 13 14 25 35 45 56
7 6 05 14 24 34 45 56
7 6 05 15 23 34 45 56
7 7 01 15 23 24 35 45 56
7 c 02 03 04 05 12 13 14 15 26 36 46 56
7 7 02 03 12 13 34 35 56
7 6 01 15 24 34 45 56
7 a 02 03 04 12 13 14 35 36 45 46
7 c 01 02 03 04 15 16 25 26 35 36 45 46
7 9 02 03 04 12 13 14 36 45 56
7 7 02 04 12 14 23 45 56
7 9 05 06 12 13 25 26 34 45 46
7 a 05 06 13 14 23 24 35 36 45 46
7 7 05 06 14 23 34 45 46
7 7 01 15 16 23 34 45 46
7 6 01 12 13 34 35 36
7 8 01 12 13 14 15 36 46 56
7 6 01 12 13 14 45 56
7 6 01 12 14 23 45 46
7 7 01 12 14 15 23 46 56
7 9 01 02 16 23 24 25 36 46 56
7 9 01 02 03 04 16 25 35 45 56
7 8 01 02 03 16 26 34 45 56
7 8 01 03 12 26 34 35 46 56
7 8 01 03 04 12 26 35 45 56
7 6 01 02 23 34 35 56
7 8 01 02 23 24 35 36 45 46
7 7 01 02 23 24 36 45 56
7 7 01 02 03 24 34 45 46
7 9 01 02 03 24 25 34 35 46 56
7 7 01 02 03 25 34 45 56
7 7 06 12 23 24 36 45 56
7 9 06 12 13 24 25 34 35 46 56
7 7 06 12 13 25 34 45 56
7 7 06 13 23 34 35 46 56
7 8 06 13 14 23 24 35 45 56
7 6 06 14 23 34 45 56
7 5 12 23 34 45 46
7 6 12 23 34 35 46 56
7 6 12 23 24 35 45 56
7 6 12 13 24 34 45 56
7 5 13 23 34 45 56
7 6 04 14 24 34 45 56
7 6 03 13 23 34 35 36
7 c 03 04 05 13 14 15 23 24 25 36 46 56
7 6 04 14 23 34 45 46
7 8 03 04 13 14 23 24 45 56
7 9 04 05 14 15 23 34 35 46 56
7 9 04 05 12 13 24 25 34 35 56
7 7 03 04 12 23 24 45 46
7 9 03 04 05 12 23 24 25 46 56
7 7 03 05 12 23 25 34 56
7 7 04 05 13 23 34 35 56
7 9 01 02 13 14 15 23 24 25 56
7 7 01 14 15 23 34 35 56
7 c 01 02 03 14 15 16 24 25 26 34 35 36
7 6 02 12 23 24 25 56
7 8 04 05 06 12 23 34 35 36
7 6 01 12 23 24 25 26
7 9 01 02 03 04 15 25 35 45 56
7 a 02 03 04 12 13 14 26 36 45 56
7 7 02 03 12 13 34 45 46
7 7 05 12 13 25 34 45 56
7 8 02 03 12 13 34 35 46 56
7 9 02 03 04 12 13 14 35 45 56
7 8 05 13 14 23 24 35 45 56
7 6 05 14 23 34 45 56
7 6 01 15 23 34 45 56
7 a 01 02 03 15 16 25 26 34 45 46
7 9 05 06 12 23 24 35 36 45 46
7 8 05 06 12 13 24 34 45 46
7 7 05 06 13 23 34 45 46
7 9 01 12 13 14 15 26 36 46 56
7 6 01 12 13 34 35 56
7 8 01 12 13 14 35 36 45 46
7 7 01 12 13 14 36 45 56
7 6 01 12 14 23 45 56
7 8 01 02 16 23 24 36 45 56
7 a 01 02 03 16 24 25 34 35 46 56
7 8 01 02 03 16 25 34 45 56
7 7 01 03 12 26 34 45 56
7 6 01 02 23 34 45 46
7 7 01 02 23 34 35 46 56
7 7 01 02 23 24 35 45 56
7 7 01 02 03 24 34 45 56
7 7 06 12 23 34 35 46 56
7 7 06 12 23 24 35 45 56
7 7 06 12 13 24 34 45 56
7 6 06 13 23 34 45 56
7 5 12 23 34 45 56
7 6 03 13 23 34 35 56
7 a 03 04 13 14 23 24 35 36 45 46
7 9 03 04 13 14 23 24 36 45 56
7 6 04 14 23 34 45 56
7 7 04 12 13 24 34 45 46
7 a 04 05 12 13 24 25 34 35 46 56
7 6 03 12 23 34 35 36
7 a 03 04 05 12 23 24 25 36 46 56
7 7 03 04 12 23 24 45 56
7 6 04 13 23 34 45 46
7 8 04 05 13 23 34 35 46 56
7 8 01 02 13 14 23 24 45 46
7 a 01 02 13 14 15 23 24 25 46 56
7 8 01 02 13 15 23 25 34 56
7 6 01 14 23 34 45 46
7 8 01 14 15 23 34 35 46 56
7 a 01 02 03 14 15 24 25 34 35 56
7 6 02 12 23 24 45 46
7 7 02 12 23 24 25 46 56
7 6 02 12 23 25 34 56
7 7 04 05 12 23 34 35 56
7 6 01 12 23 24 25 56
7 9 01 02 14 15 16 23 34 35 36
7 a 02 03 12 13 24 25 26 34 35 36
7 c 02 03 04 12 13 14 25 26 35 36 45 46
7 9 02 03 12 13 26 34 35 46 56
7 8 01 02 03 15 25 34 45 56
7 a 02 03 04 12 13 14 26 35 45 56
7 8 02 04 12 14 23 36 45 56
7 7 02 03 12 13 34 45 56
7 7 05 12 23 24 35 45 56
7 7 05 12 13 24 34 45 56
7 6 05 13 23 34 45 56
7 a 01 02 15 16 23 24 35 36 45 46
7 9 01 02 03 15 16 24 34 45 46
7 8 01 03 12 25 26 34 45 46
7 7 05 06 12 23 34 45 46
7 8 01 12 13 14 26 36 45 56
7 6 01 12 13 34 45 46
7 7 01 12 13 34 35 46 56
7 7 01 12 13 14 35 45 56
7 8 01 02 16 23 34 35 46 56
7 8 01 02 16 23 24 35 45 56
7 8 01 02 03 16 24 34 45 56
7 6 01 02 23 34 45 56
7 6 06 12 23 34 45 56
7 6 03 13 23 34 45 46
7 7 03 13 23 34 35 46 56
7 9 03 04 13 14 23 24 35 45 56
7 7 04 12 13 24 34 45 56
7 6 03 12 23 34 35 56
7 9 03 04 12 23 24 35 36 45 46
7 8 03 04 12 23 24 36 45 56
7 6 04 13 23 34 45 56
7 7 01 02 13 23 34 35 36
7 b 01 02 13 14 15 23 24 25 36 46 56
7 8 01 02 13 14 23 24 45 56
7 6 01 14 23 34 45 56
7 8 01 02 03 14 24 34 45 46
7 b 01 02 03 14 15 24 25 34 35 46 56
7 6 02 12 23 34 35 36
7 8 02 12 23 24 25 36 46 56
7 6 02 12 23 24 45 56
7 6 04 12 23 34 45 46
7 8 04 05 12 23 34 35 46 56
7 6 01 12 23 24 45 46
7 7 01 12 23 24 25 46 56
7 6 01 12 23 25 34 56
7 8 01 02 14 15 23 34 35 56
7 9 02 03 12 13 24 25 34 35 56
7 9 01 12 13 24 25 26 34 35 36
7 a 02 03 04 12 13 14 25 35 45 56
7 9 02 03 12 13 25 26 34 45 46
7 8 02 03 12 13 26 34 45 56
7 8 01 02 15 23 24 35 45 56
7 8 01 02 03 15 24 34 45 56
7 7 01 03 12 25 34 45 56
7 6 05 12 23 34 45 56
7 a 01 12 13 14 25 26 35 36 45 46
7 8 01 02 15 16 23 34 45 46
7 8 01 12 13 26 34 35 46 56
7 8 01 12 13 14 26 35 45 56
7 7 01 12 14 23 36 45 56
7 6 01 12 13 34 45 56
7 7 01 02 16 23 34 45 56
7 6 03 13 23 34 45 56
7 6 03 12 23 34 45 46
7 7 03 12 23 34 35 46 56
7 8 03 04 12 23 24 35 45 56
7 7 01 02 13 23 34 35 56
7 a 01 02 13 14 23 24 35 36 45 46
7 9 01 02 13 14 23 24 36 45 56
7 8 01 02 03 14 24 34 45 56
7 6 02 12 23 34 35 56
7 8 02 12 23 24 35 36 45 46
7 7 02 12 23 24 36 45 56
7 6 04 12 23 34 45 56
7 6 01 12 23 34 35 36
7 8 01 12 23 24 25 36 46 56
7 6 01 12 23 24 45 56
7 7 01 02 14 23 34 45 46
7 9 01 02 14 15 23 34 35 46 56
7 8 02 03 12 13 24 34 45 46
7 a 02 03 12 13 24 25 34 35 46 56
7 8 01 12 13 24 25 34 35 56
7 8 02 03 12 13 25 34 45 56
7 8 01 12 13 14 25 35 45 56
7 7 01 02 15 23 34 45 56
7 8 01 12 13 25 26 34 45 46
7 7 01 12 13 26 34 45 56
7 6 03 12 23 34 45 56
7 7 01 02 13 23 34 45 46
7 8 01 02 13 23 34 35 46 56
7 9 01 02 13 14 23 24 35 45 56
7 6 02 12 23 34 45 46
7 7 02 12 23 34 35 46 56
7 7 02 12 23 24 35 45 56
7 6 01 12 23 34 35 56
7 8 01 12 23 24 35 36 45 46
7 7 01 12 23 24 36 45 56
7 7 01 02 14 23 34 45 56
7 8 02 03 12 13 24 34 45 56
7 7 01 12 13 24 34 45 46
7 9 01 12 13 24 25 34 35 46 56
7 7 01 12 13 25 34 45 56
7 7 01 02 13 23 34 45 56
7 6 02 12 23 34 45 56
7 6 01 12 23 34 45 46
7 7 01 12 23 34 35 46 56
7 7 01 12 23 24 35 45 56
7 7 01 12 13 24 34 45 56
7 6 01 12 23 34 45 56
