8 0
8 1 67
8 2 56 57
8 2 57 67
8 2 45 67
8 3 45 46 47
8 3 47 57 67
8 2 56 67
8 3 34 56 57
8 3 34 57 67
8 3 23 45 67
8 3 45 46 67
8 4 46 47 56 57
8 3 47 56 67
8 4 34 35 36 37
8 4 37 47 57 67
8 3 34 56 67
8 4 23 45 46 47
8 4 23 47 57 67
8 4 23 24 56 57
8 4 23 24 57 67
8 4 24 34 57 67
8 4 12 34 56 57
8 4 12 34 57 67
8 4 01 23 45 67
8 3 45 56 57
8 4 45 46 57 67
8 3 46 56 67
8 4 34 35 36 67
8 4 37 47 56 67
8 5 23 24 25 26 27
8 5 27 37 47 57 67
8 4 23 45 46 67
8 5 23 46 47 56 57
8 4 23 47 56 67
8 4 23 24 56 67
8 4 24 34 56 67
8 4 12 34 56 67
8 5 01 34 35 36 37
8 5 01 37 47 57 67
8 5 12 13 14 56 57
8 5 12 13 14 57 67
8 5 01 23 45 46 47
8 5 01 23 47 57 67
8 5 01 23 24 56 57
8 5 01 23 24 57 67
8 5 01 24 34 57 67
8 5 14 24 34 56 57
8 5 14 24 34 57 67
8 3 45 56 67
8 4 34 35 56 57
8 5 34 35 36 57 67
8 4 34 36 45 67
8 6 35 36 37 45 46 47
8 6 36 37 46 47 56 57
8 5 37 45 46 57 67
8 4 37 46 56 67
8 4 34 47 56 67
8 5 23 24 25 26 67
8 5 27 37 47 56 67
8 4 23 45 56 57
8 5 23 45 46 57 67
8 4 23 46 56 67
8 4 23 34 56 67
8 5 12 13 14 56 67
8 6 01 23 24 25 26 27
8 6 01 27 37 47 57 67
8 5 01 34 35 36 67
8 5 01 37 47 56 67
8 5 01 23 45 46 67
8 6 01 23 46 47 56 57
8 5 01 23 47 56 67
8 5 01 23 24 56 67
8 5 01 24 34 56 67
8 5 14 24 34 56 67
8 5 12 13 45 46 67
8 6 12 13 46 47 56 57
8 5 12 13 47 56 67
8 6 01 02 03 04 56 57
8 6 01 02 03 04 57 67
8 6 04 14 24 34 56 57
8 6 04 14 24 34 57 67
8 5 12 13 34 57 67
8 6 13 23 46 47 56 57
8 5 13 23 47 56 67
8 6 01 02 03 45 46 47
8 6 01 02 03 47 57 67
8 6 03 13 23 47 57 67
8 6 12 13 14 15 16 17
8 6 17 27 37 47 57 67
8 7 07 17 27 37 47 57 67
8 7 01 02 03 04 05 06 07
8 4 34 45 46 47
8 6 34 35 36 47 57 67
8 4 34 35 56 67
8 5 35 36 45 46 67
8 4 36 46 56 67
8 5 36 37 45 56 57
8 4 37 45 56 67
8 5 23 24 25 56 57
8 6 23 24 25 26 57 67
8 5 23 24 26 45 67
8 6 27 37 45 46 57 67
8 5 27 37 46 56 67
8 5 27 34 47 56 67
8 4 23 45 56 67
8 6 01 23 24 25 26 67
8 6 01 27 37 47 56 67
8 5 01 34 35 56 57
8 6 01 34 35 36 57 67
8 5 01 34 36 45 67
8 7 01 35 36 37 45 46 47
8 7 01 36 37 46 47 56 57
8 6 01 37 45 46 57 67
8 5 01 37 46 56 67
8 5 01 34 47 56 67
8 5 01 23 45 56 57
8 6 01 23 45 46 57 67
8 5 01 23 46 56 67
8 5 01 23 34 56 67
8 5 12 13 45 56 57
8 6 12 13 45 46 57 67
8 5 12 13 46 56 67
8 6 01 02 03 04 56 67
8 6 04 14 24 34 56 67
8 5 12 13 34 56 67
8 5 13 23 45 56 57
8 6 13 23 45 46 57 67
8 5 13 23 46 56 67
8 6 13 14 23 24 56 67
8 5 14 23 34 56 67
8 6 01 02 03 34 56 57
8 6 01 02 03 34 57 67
8 6 04 14 23 34 56 57
8 6 04 14 23 34 57 67
8 6 01 02 03 45 46 67
8 7 01 02 03 46 47 56 57
8 6 01 02 03 47 56 67
8 6 03 13 23 45 46 67
8 7 03 13 23 46 47 56 57
8 6 03 13 23 47 56 67
8 6 12 13 14 15 16 67
8 6 17 27 37 47 56 67
8 7 07 17 27 37 47 56 67
8 7 01 02 03 04 05 06 67
8 4 34 45 46 67
8 6 34 35 46 47 56 57
8 5 34 35 47 56 67
8 4 35 45 56 57
8 6 35 36 45 46 57 67
8 4 36 45 56 67
8 5 23 24 45 46 47
8 7 23 24 25 26 47 57 67
8 5 23 24 25 56 67
8 5 23 25 34 56 57
8 6 23 25 26 34 57 67
8 8 24 25 26 27 34 35 36 37
8 8 26 27 36 37 46 47 56 57
8 7 27 34 35 36 47 57 67
8 5 27 36 46 56 67
8 5 27 37 45 56 67
8 6 23 37 45 46 57 67
8 5 23 37 46 56 67
8 6 01 23 24 25 56 57
8 7 01 23 24 25 26 57 67
8 6 01 23 24 26 45 67
8 7 01 27 37 45 46 57 67
8 6 01 27 37 46 56 67
8 6 01 27 34 47 56 67
8 5 01 34 45 46 47
8 7 01 34 35 36 47 57 67
8 5 01 34 35 56 67
8 6 01 35 36 45 46 67
8 5 01 36 46 56 67
8 6 01 36 37 45 56 57
8 5 01 37 45 56 67
8 5 01 23 45 56 67
8 5 12 13 45 56 67
8 5 13 23 45 56 67
8 6 01 02 03 34 56 67
8 6 04 14 23 34 56 67
8 5 12 23 24 56 67
8 6 12 13 24 34 56 67
8 5 13 23 34 56 67
8 6 01 02 23 24 56 57
8 6 01 02 23 24 57 67
8 7 01 02 03 24 34 56 57
8 7 01 02 03 24 34 57 67
8 6 01 03 12 34 56 57
8 6 01 03 12 34 57 67
8 8 02 03 04 12 13 14 56 57
8 8 02 03 04 12 13 14 57 67
8 8 03 04 13 14 23 24 56 57
8 8 03 04 13 14 23 24 57 67
8 7 04 12 13 24 34 56 57
8 7 04 12 13 24 34 57 67
8 6 04 13 23 34 56 57
8 6 04 13 23 34 57 67
8 6 01 14 23 34 56 57
8 6 01 14 23 34 57 67
8 6 01 02 03 45 56 57
8 7 01 02 03 45 46 57 67
8 6 01 02 03 46 56 67
8 6 03 13 23 45 56 57
8 7 03 13 23 45 46 57 67
8 6 03 13 23 46 56 67
8 6 01 02 23 45 46 67
8 7 01 02 23 46 47 56 57
8 6 01 02 23 47 56 67
8 8 02 03 12 13 46 47 56 57
8 7 02 03 12 13 47 56 67
8 6 03 12 23 47 56 67
8 6 12 13 14 15 56 57
8 7 12 13 14 15 16 57 67
8 6 12 13 14 16 45 67
8 7 17 27 37 45 46 57 67
8 6 17 27 37 46 56 67
8 6 17 27 34 47 56 67
8 8 07 17 27 37 45 46 57 67
8 7 07 17 27 37 46 56 67
8 7 01 02 03 04 05 56 57
8 7 07 17 27 34 47 56 67
8 8 01 02 03 04 05 06 57 67
8 7 01 02 03 04 06 45 67
8 4 34 45 56 57
8 5 34 45 46 57 67
8 5 34 35 46 56 67
8 4 35 45 56 67
8 5 23 34 35 36 37
8 8 23 24 25 26 37 47 57 67
8 5 23 24 45 46 67
8 7 23 24 25 46 47 56 57
8 6 23 24 25 47 56 67
8 5 23 25 34 56 67
8 7 24 25 26 34 35 36 67
8 9 25 26 27 35 36 37 45 46 47
8 5 26 36 46 56 67
8 7 26 27 36 37 45 56 57
8 6 27 34 35 47 56 67
8 7 27 35 36 45 46 57 67
8 5 27 36 45 56 67
8 5 23 37 45 56 67
8 6 01 23 24 45 46 47
8 8 01 23 24 25 26 47 57 67
8 6 01 23 24 25 56 67
8 6 01 23 25 34 56 57
8 7 01 23 25 26 34 57 67
8 9 01 24 25 26 27 34 35 36 37
8 9 01 26 27 36 37 46 47 56 57
8 8 01 27 34 35 36 47 57 67
8 6 01 27 36 46 56 67
8 6 01 27 37 45 56 67
8 7 01 23 37 45 46 57 67
8 6 01 23 37 46 56 67
8 5 01 34 45 46 67
8 7 01 34 35 46 47 56 57
8 6 01 34 35 47 56 67
8 5 01 35 45 56 57
8 7 01 35 36 45 46 57 67
8 5 01 36 45 56 67
8 6 01 02 23 24 56 67
8 7 01 02 03 24 34 56 67
8 6 01 03 12 34 56 67
8 8 02 03 04 12 13 14 56 67
8 8 03 04 13 14 23 24 56 67
8 7 04 12 13 24 34 56 67
8 6 04 13 23 34 56 67
8 6 01 14 23 34 56 67
8 5 12 23 34 56 67
8 6 01 12 13 14 56 57
8 6 01 12 13 14 57 67
8 8 01 02 03 14 24 34 56 57
8 8 01 02 03 14 24 34 57 67
8 6 01 02 23 34 56 57
8 6 01 02 23 34 57 67
8 7 02 03 12 13 34 56 57
8 7 02 03 12 13 34 57 67
8 6 03 13 23 34 56 57
8 6 03 13 23 34 57 67
8 7 03 04 12 23 24 56 57
8 7 03 04 12 23 24 57 67
8 6 04 12 23 34 56 57
8 6 04 12 23 34 57 67
8 6 01 02 03 45 56 67
8 6 03 13 23 45 56 67
8 6 01 02 23 45 56 57
8 7 01 02 23 45 46 57 67
8 6 01 02 23 46 56 67
8 7 02 03 12 13 45 56 57
8 8 02 03 12 13 45 46 57 67
8 7 02 03 12 13 46 56 67
8 6 03 12 23 45 56 57
8 7 03 12 23 45 46 57 67
8 6 03 12 23 46 56 67
8 6 12 13 14 45 46 47
8 8 12 13 14 15 16 47 57 67
8 6 12 13 14 15 56 67
8 6 12 13 15 34 56 57
8 7 12 13 15 16 34 57 67
8 6 12 14 16 23 45 67
8 8 17 27 34 35 36 47 57 67
8 6 17 27 36 46 56 67
8 6 17 27 37 45 56 67
8 7 17 23 37 45 46 57 67
8 6 17 23 37 46 56 67
8 6 12 27 34 47 56 67
8 9 07 17 27 34 35 36 47 57 67
8 7 01 02 03 04 45 46 47
8 9 01 02 03 04 05 06 47 57 67
8 7 07 17 27 36 46 56 67
8 7 01 02 03 04 05 56 67
8 7 01 02 03 05 34 56 57
8 8 01 02 03 05 06 34 57 67
8 7 07 17 27 37 45 56 67
8 7 01 02 04 06 23 45 67
8 8 07 17 23 37 45 46 57 67
8 7 07 17 23 37 46 56 67
8 7 07 12 27 34 47 56 67
8 4 34 45 56 67
8 5 23 34 35 36 67
8 7 23 24 25 37 47 56 67
8 5 23 24 45 56 57
8 6 23 24 45 46 57 67
8 6 23 24 25 46 56 67
8 6 24 25 34 35 56 57
8 8 24 25 26 34 35 36 57 67
8 6 24 26 34 36 45 67
8 7 25 26 35 36 45 46 67
8 7 25 26 27 34 45 46 47
8 5 26 36 45 56 67
8 8 26 27 34 35 46 47 56 57
8 6 26 27 35 45 56 57
8 6 23 36 37 45 56 57
8 6 27 34 45 46 57 67
8 6 27 34 35 46 56 67
8 5 27 35 45 56 67
8 6 01 23 34 35 36 37
8 9 01 23 24 25 26 37 47 57 67
8 6 01 23 24 45 46 67
8 8 01 23 24 25 46 47 56 57
8 7 01 23 24 25 47 56 67
8 6 01 23 25 34 56 67
8 8 01 24 25 26 34 35 36 67
8 a 01 25 26 27 35 36 37 45 46 47
8 6 01 26 36 46 56 67
8 8 01 26 27 36 37 45 56 57
8 7 01 27 34 35 47 56 67
8 8 01 27 35 36 45 46 57 67
8 6 01 27 36 45 56 67
8 6 01 23 37 45 56 67
8 5 01 34 45 56 57
8 6 01 34 45 46 57 67
8 6 01 34 35 46 56 67
8 5 01 35 45 56 67
8 6 01 12 13 14 56 67
8 8 01 02 03 14 24 34 56 67
8 6 01 02 23 34 56 67
8 7 02 03 12 13 34 56 67
8 6 03 13 23 34 56 67
8 7 03 04 12 23 24 56 67
8 6 04 12 23 34 56 67
8 6 01 12 13 34 56 57
8 6 01 12 13 34 57 67
8 8 01 02 13 14 23 24 56 57
8 8 01 02 13 14 23 24 57 67
8 7 01 02 14 23 34 56 57
8 7 01 02 14 23 34 57 67
8 6 02 12 23 24 56 57
8 6 02 12 23 24 57 67
8 8 02 03 12 13 24 34 56 57
8 8 02 03 12 13 24 34 57 67
8 6 03 12 23 34 56 57
8 6 03 12 23 34 57 67
8 6 01 02 23 45 56 67
8 7 02 03 12 13 45 56 67
8 6 03 12 23 45 56 67
8 6 01 12 13 45 56 57
8 7 01 12 13 45 46 57 67
8 6 01 12 13 46 56 67
8 8 01 02 13 23 45 46 57 67
8 7 01 02 13 23 46 56 67
8 6 12 13 34 35 36 37
8 9 12 13 14 15 16 37 47 57 67
8 6 12 13 14 45 46 67
8 8 12 13 14 15 46 47 56 57
8 7 12 13 14 15 47 56 67
8 6 12 13 15 34 56 67
8 6 12 14 23 45 46 47
8 8 12 14 15 16 23 47 57 67
8 6 12 15 23 24 56 57
8 7 12 15 16 23 24 57 67
8 8 12 13 15 16 24 34 57 67
8 a 13 14 15 16 17 23 24 25 26 27
8 a 16 17 26 27 36 37 46 47 56 57
8 9 17 23 24 25 26 37 47 57 67
8 6 17 26 36 46 56 67
8 7 17 27 34 35 47 56 67
8 6 02 12 23 46 56 67
8 8 17 27 35 36 45 46 57 67
8 6 17 27 36 45 56 67
8 6 17 23 37 45 56 67
8 8 12 27 34 35 36 47 57 67
8 6 12 27 36 46 56 67
8 8 12 13 27 37 45 46 57 67
8 7 12 13 27 37 46 56 67
8 6 13 23 37 46 56 67
8 7 01 02 03 34 35 36 37
8 a 01 02 03 04 05 06 37 47 57 67
8 7 01 02 03 04 45 46 67
8 9 01 02 03 04 05 46 47 56 57
8 8 01 02 03 04 05 47 56 67
8 7 01 02 03 05 34 56 67
8 7 01 02 04 23 45 46 47
8 9 01 02 04 05 06 23 47 57 67
8 7 01 02 05 23 24 56 57
8 8 01 02 05 06 23 24 57 67
8 a 07 17 23 24 25 26 37 47 57 67
8 9 01 02 03 05 06 24 34 57 67
8 7 01 03 05 12 34 56 57
8 7 07 17 26 36 46 56 67
8 8 01 03 05 06 12 34 57 67
8 8 07 17 27 34 35 47 56 67
8 9 07 17 27 35 36 45 46 57 67
8 7 07 17 27 36 45 56 67
8 7 07 17 23 37 45 56 67
8 9 07 12 27 34 35 36 47 57 67
8 7 07 12 27 36 46 56 67
8 9 07 12 13 27 37 45 46 57 67
8 8 07 12 13 27 37 46 56 67
8 7 07 13 23 37 46 56 67
8 8 01 17 23 37 45 46 57 67
8 7 01 17 23 37 46 56 67
8 5 23 34 35 56 57
8 6 23 34 35 36 57 67
8 5 23 34 36 45 67
8 8 23 24 35 36 37 45 46 47
8 9 23 24 25 36 37 46 47 56 57
8 7 23 24 37 45 46 57 67
8 7 23 24 25 37 46 56 67
8 6 23 25 34 47 56 67
8 5 23 24 45 56 67
8 5 24 34 45 46 47
8 9 24 25 26 34 35 36 47 57 67
8 6 24 25 34 35 56 67
8 5 25 35 45 56 57
8 8 25 26 35 36 45 46 57 67
8 6 25 26 34 45 46 67
8 6 26 34 35 46 56 67
8 5 26 35 45 56 67
8 5 23 36 45 56 67
8 6 26 27 34 45 56 57
8 5 27 34 45 56 67
8 6 01 23 34 35 36 67
8 8 01 23 24 25 37 47 56 67
8 6 01 23 24 45 56 57
8 7 01 23 24 45 46 57 67
8 7 01 23 24 25 46 56 67
8 7 01 24 25 34 35 56 57
8 9 01 24 25 26 34 35 36 57 67
8 7 01 24 26 34 36 45 67
8 8 01 25 26 35 36 45 46 67
8 8 01 25 26 27 34 45 46 47
8 6 01 26 36 45 56 67
8 9 01 26 27 34 35 46 47 56 57
8 7 01 26 27 35 45 56 57
8 7 01 23 36 37 45 56 57
8 7 01 27 34 45 46 57 67
8 7 01 27 34 35 46 56 67
8 6 01 27 35 45 56 67
8 5 01 34 45 56 67
8 6 01 12 13 34 56 67
8 8 01 02 13 14 23 24 56 67
8 7 01 02 14 23 34 56 67
8 6 02 12 23 24 56 67
8 8 02 03 12 13 24 34 56 67
8 6 03 12 23 34 56 67
8 6 01 12 23 24 56 57
8 6 01 12 23 24 57 67
8 7 01 12 13 24 34 56 57
8 7 01 12 13 24 34 57 67
8 7 01 02 13 23 34 56 57
8 7 01 02 13 23 34 57 67
8 6 02 12 23 34 56 57
8 6 02 12 23 34 57 67
8 6 01 12 13 45 56 67
8 7 01 02 13 23 45 56 67
8 6 02 12 23 45 56 67
8 6 12 23 24 25 26 27
8 a 12 13 14 15 16 27 37 47 57 67
8 6 12 13 34 35 36 67
8 8 12 13 14 15 37 47 56 67
8 6 12 13 14 45 56 57
8 7 12 13 14 45 46 57 67
8 7 12 13 14 15 46 56 67
8 6 12 14 23 45 46 67
8 8 12 14 15 23 46 47 56 57
8 7 12 14 15 23 47 56 67
8 6 12 15 23 24 56 67
8 7 12 13 15 24 34 56 67
8 9 13 14 15 16 23 24 25 26 67
8 6 16 26 36 46 56 67
8 9 16 17 26 27 36 37 45 56 57
8 8 17 23 24 25 37 47 56 67
8 6 17 26 36 45 56 67
8 7 17 27 34 45 46 57 67
8 7 17 27 34 35 46 56 67
8 6 17 27 35 45 56 67
8 7 12 27 34 35 47 56 67
8 8 12 27 35 36 45 46 57 67
8 6 12 27 36 45 56 67
8 7 12 13 27 37 45 56 67
8 6 13 23 37 45 56 67
8 c 06 07 16 17 26 27 36 37 46 47 56 57
8 c 02 03 04 05 06 07 12 13 14 15 16 17
8 7 01 02 23 24 25 26 27
8 b 01 02 03 04 05 06 27 37 47 57 67
8 7 01 02 03 34 35 36 67
8 9 01 02 03 04 05 37 47 56 67
8 7 01 02 03 04 45 56 57
8 8 01 02 03 04 45 46 57 67
8 8 01 02 03 04 05 46 56 67
8 7 01 02 04 23 45 46 67
8 9 01 02 04 05 23 46 47 56 57
8 8 01 02 04 05 23 47 56 67
8 7 01 02 05 23 24 56 67
8 8 01 02 03 05 24 34 56 67
8 7 01 03 12 34 35 36 37
8 a 01 03 04 05 06 12 37 47 57 67
8 7 01 03 05 12 34 56 67
8 7 01 04 12 13 45 46 47
8 9 01 04 05 06 12 13 47 57 67
8 8 01 02 04 13 23 45 46 47
8 a 01 02 04 05 06 13 23 47 57 67
8 b 07 12 13 14 15 16 27 37 47 57 67
8 7 07 16 26 36 46 56 67
8 9 07 17 23 24 25 37 47 56 67
8 7 07 17 26 36 45 56 67
8 8 07 17 27 34 45 46 57 67
8 8 07 17 27 34 35 46 56 67
8 7 07 17 27 35 45 56 67
8 8 07 12 27 34 35 47 56 67
8 9 07 12 27 35 36 45 46 57 67
8 7 07 12 27 36 45 56 67
8 8 07 12 13 27 37 45 56 67
8 7 07 13 23 37 45 56 67
8 a 01 17 23 24 25 26 37 47 57 67
8 7 01 17 26 36 46 56 67
8 7 01 17 23 37 45 56 67
8 a 01 02 17 27 34 35 36 47 57 67
8 8 01 02 17 27 36 46 56 67
8 9 02 12 27 34 35 36 47 57 67
8 7 02 12 27 36 46 56 67
8 5 23 34 45 46 47
8 7 23 34 35 36 47 57 67
8 5 23 34 35 56 67
8 7 23 24 35 36 45 46 67
8 7 23 24 25 36 46 56 67
8 7 23 24 36 37 45 56 57
8 6 23 24 37 45 56 67
8 5 24 34 45 46 67
8 8 24 25 34 35 46 47 56 57
8 7 24 25 34 35 47 56 67
8 5 25 35 45 56 67
8 5 25 34 45 56 57
8 7 25 26 34 45 46 57 67
8 5 26 34 45 56 67
8 6 01 23 34 35 56 57
8 7 01 23 34 35 36 57 67
8 6 01 23 34 36 45 67
8 9 01 23 24 35 36 37 45 46 47
8 a 01 23 24 25 36 37 46 47 56 57
8 8 01 23 24 37 45 46 57 67
8 8 01 23 24 25 37 46 56 67
8 7 01 23 25 34 47 56 67
8 6 01 23 24 45 56 67
8 6 01 24 34 45 46 47
8 a 01 24 25 26 34 35 36 47 57 67
8 7 01 24 25 34 35 56 67
8 6 01 25 35 45 56 57
8 9 01 25 26 35 36 45 46 57 67
8 7 01 25 26 34 45 46 67
8 7 01 26 34 35 46 56 67
8 6 01 26 35 45 56 67
8 6 01 23 36 45 56 67
8 7 01 26 27 34 45 56 57
8 6 01 27 34 45 56 67
8 6 01 12 23 24 56 67
8 7 01 12 13 24 34 56 67
8 7 01 02 13 23 34 56 67
8 6 02 12 23 34 56 67
8 6 01 12 23 34 56 57
8 6 01 12 23 34 57 67
8 6 01 12 23 45 56 67
8 6 12 23 24 25 26 67
8 9 12 13 14 15 27 37 47 56 67
8 6 12 13 34 35 56 57
8 7 12 13 34 35 36 57 67
8 6 12 13 34 36 45 67
8 9 12 13 14 35 36 37 45 46 47
8 a 12 13 14 15 36 37 46 47 56 57
8 8 12 13 14 37 45 46 57 67
8 8 12 13 14 15 37 46 56 67
8 7 12 13 15 34 47 56 67
8 6 12 13 14 45 56 67
8 6 12 14 23 45 56 57
8 7 12 14 23 45 46 57 67
8 7 12 14 15 23 46 56 67
8 6 12 15 23 34 56 67
8 8 13 14 15 23 24 25 56 57
8 a 13 14 15 16 23 24 25 26 57 67
8 8 13 14 16 23 24 26 45 67
8 c 14 15 16 17 24 25 26 27 34 35 36 37
8 c 15 16 17 25 26 27 35 36 37 45 46 47
8 6 16 26 36 45 56 67
8 a 16 17 26 27 34 35 46 47 56 57
8 8 16 17 26 27 35 45 56 57
8 8 16 17 23 36 37 45 56 57
8 8 17 23 24 37 45 46 57 67
8 8 17 23 24 25 37 46 56 67
8 7 17 23 25 34 47 56 67
8 a 17 24 25 26 34 35 36 47 57 67
8 9 17 25 26 35 36 45 46 57 67
8 7 17 26 34 35 46 56 67
8 6 17 26 35 45 56 67
8 6 17 23 36 45 56 67
8 6 17 27 34 45 56 67
8 7 12 27 34 45 46 57 67
8 7 12 27 34 35 46 56 67
8 6 12 27 35 45 56 67
8 6 12 23 37 45 56 67
8 7 06 16 26 36 46 56 67
8 b 06 07 16 17 26 27 36 37 45 56 57
8 b 02 03 04 05 06 12 13 14 15 16 67
8 7 01 12 13 14 15 16 17
8 c 01 02 03 04 05 06 17 27 37 47 57 67
8 7 01 02 23 24 25 26 67
8 a 01 02 03 04 05 27 37 47 56 67
8 7 01 02 03 34 35 56 57
8 8 01 02 03 34 35 36 57 67
8 7 01 02 03 34 36 45 67
8 a 01 02 03 04 35 36 37 45 46 47
8 b 01 02 03 04 05 36 37 46 47 56 57
8 9 01 02 03 04 37 45 46 57 67
8 9 01 02 03 04 05 37 46 56 67
8 8 01 02 03 05 34 47 56 67
8 7 01 02 03 04 45 56 67
8 7 01 02 04 23 45 56 57
8 8 01 02 04 23 45 46 57 67
8 8 01 02 04 05 23 46 56 67
8 7 01 02 05 23 34 56 67
8 7 01 03 12 34 35 36 67
8 9 01 03 04 05 12 37 47 56 67
8 7 01 04 12 13 45 46 67
8 9 01 04 05 12 13 46 47 56 57
8 8 01 04 05 12 13 47 56 67
8 8 01 02 04 13 23 45 46 67
8 a 01 02 04 05 13 23 46 47 56 57
8 9 01 02 04 05 13 23 47 56 67
8 7 01 04 12 23 45 46 47
8 9 01 04 05 06 12 23 47 57 67
8 a 07 12 13 14 15 27 37 47 56 67
8 7 07 16 26 36 45 56 67
8 9 07 17 23 24 37 45 46 57 67
8 9 07 17 23 24 25 37 46 56 67
8 8 07 17 23 25 34 47 56 67
8 b 07 17 24 25 26 34 35 36 47 57 67
8 a 07 17 25 26 35 36 45 46 57 67
8 8 07 17 26 34 35 46 56 67
8 7 07 17 26 35 45 56 67
8 7 07 17 23 36 45 56 67
8 7 07 17 27 34 45 56 67
8 8 07 12 27 34 45 46 57 67
8 8 07 12 27 34 35 46 56 67
8 7 07 12 27 35 45 56 67
8 7 07 12 23 37 45 56 67
8 9 01 17 23 24 25 37 47 56 67
8 7 01 17 26 36 45 56 67
8 9 01 02 17 27 34 35 47 56 67
8 a 01 02 17 27 35 36 45 46 57 67
8 8 01 02 17 27 36 45 56 67
8 8 02 12 27 34 35 47 56 67
8 9 02 12 27 35 36 45 46 57 67
8 7 02 12 27 36 45 56 67
8 9 01 12 27 34 35 36 47 57 67
8 7 01 12 27 36 46 56 67
8 5 23 34 45 46 67
8 7 23 34 35 46 47 56 57
8 6 23 34 35 47 56 67
8 6 23 24 35 45 56 57
8 8 23 24 35 36 45 46 57 67
8 6 23 24 36 45 56 67
8 5 24 34 45 56 57
8 6 24 34 45 46 57 67
8 7 24 25 34 35 46 56 67
8 5 25 34 45 56 67
8 6 01 23 34 45 46 47
8 8 01 23 34 35 36 47 57 67
8 6 01 23 34 35 56 67
8 8 01 23 24 35 36 45 46 67
8 8 01 23 24 25 36 46 56 67
8 8 01 23 24 36 37 45 56 57
8 7 01 23 24 37 45 56 67
8 6 01 24 34 45 46 67
8 9 01 24 25 34 35 46 47 56 57
8 8 01 24 25 34 35 47 56 67
8 6 01 25 35 45 56 67
8 6 01 25 34 45 56 57
8 8 01 25 26 34 45 46 57 67
8 6 01 26 34 45 56 67
8 6 01 12 23 34 56 67
8 6 12 23 24 25 56 57
8 7 12 23 24 25 26 57 67
8 6 12 23 24 26 45 67
8 9 12 13 14 27 37 45 46 57 67
8 9 12 13 14 15 27 37 46 56 67
8 8 12 13 15 27 34 47 56 67
8 6 12 13 34 45 46 47
8 8 12 13 34 35 36 47 57 67
8 6 12 13 34 35 56 67
8 8 12 13 14 35 36 45 46 67
8 8 12 13 14 15 36 46 56 67
8 8 12 13 14 36 37 45 56 57
8 7 12 13 14 37 45 56 67
8 6 12 14 23 45 56 67
8 7 13 14 23 24 45 46 47
8 b 13 14 15 16 23 24 25 26 47 57 67
8 8 13 14 15 23 24 25 56 67
8 7 13 15 23 25 34 56 57
8 9 13 15 16 23 25 26 34 57 67
8 a 14 15 16 24 25 26 34 35 36 67
8 9 14 15 16 17 23 34 35 36 37
8 9 15 16 25 26 35 36 45 46 67
8 a 15 16 17 25 26 27 34 45 46 47
8 7 16 26 34 35 46 56 67
8 6 16 26 35 45 56 67
8 6 16 23 36 45 56 67
8 b 16 17 23 24 25 36 37 46 47 56 57
8 7 16 17 25 35 45 56 57
8 8 16 17 26 27 34 45 56 57
8 9 12 26 27 34 35 46 47 56 57
8 7 12 26 27 35 45 56 57
8 8 17 23 34 35 36 47 57 67
8 8 17 23 24 25 36 46 56 67
8 7 17 23 24 37 45 56 67
8 8 17 24 25 34 35 47 56 67
8 6 17 25 35 45 56 67
8 8 17 25 26 34 45 46 57 67
8 6 17 26 34 45 56 67
8 6 12 27 34 45 56 67
8 7 06 16 26 36 45 56 67
8 c 06 07 16 17 26 27 34 35 46 47 56 57
8 a 06 07 16 17 26 27 35 45 56 57
8 a 06 07 16 17 23 36 37 45 56 57
8 a 02 03 04 05 12 13 14 15 56 57
8 c 02 03 04 05 06 12 13 14 15 16 57 67
8 a 02 03 04 06 12 13 14 16 45 67
8 7 01 12 13 14 15 16 67
8 b 01 02 03 04 05 17 27 37 47 56 67
8 7 01 02 23 24 25 56 57
8 8 01 02 23 24 25 26 57 67
8 7 01 02 23 24 26 45 67
8 a 01 02 03 04 27 37 45 46 57 67
8 a 01 02 03 04 05 27 37 46 56 67
8 9 01 02 03 05 27 34 47 56 67
8 7 01 02 03 34 45 46 47
8 9 01 02 03 34 35 36 47 57 67
8 7 01 02 03 34 35 56 67
8 9 01 02 03 04 35 36 45 46 67
8 9 01 02 03 04 05 36 46 56 67
8 9 01 02 03 04 36 37 45 56 57
8 8 01 02 03 04 37 45 56 67
8 7 01 02 04 23 45 56 67
8 7 01 03 12 34 35 56 57
8 8 01 03 12 34 35 36 57 67
8 7 01 03 12 34 36 45 67
8 a 01 03 04 12 35 36 37 45 46 47
8 b 01 03 04 05 12 36 37 46 47 56 57
8 9 01 03 04 12 37 45 46 57 67
8 9 01 03 04 05 12 37 46 56 67
8 8 01 03 05 12 34 47 56 67
8 7 01 04 12 13 45 56 57
8 8 01 04 12 13 45 46 57 67
8 8 01 04 05 12 13 46 56 67
8 8 01 02 04 13 23 45 56 57
8 9 01 02 04 13 23 45 46 57 67
8 9 01 02 04 05 13 23 46 56 67
8 7 01 04 12 23 45 46 67
8 9 01 04 05 12 23 46 47 56 57
8 8 01 04 05 12 23 47 56 67
8 a 07 12 13 14 27 37 45 46 57 67
8 a 07 12 13 14 15 27 37 46 56 67
8 9 07 12 13 15 27 34 47 56 67
8 8 07 16 26 34 35 46 56 67
8 7 07 16 26 35 45 56 67
8 7 07 16 23 36 45 56 67
8 9 07 17 23 34 35 36 47 57 67
8 9 07 17 23 24 25 36 46 56 67
8 8 07 17 23 24 37 45 56 67
8 9 07 17 24 25 34 35 47 56 67
8 7 07 17 25 35 45 56 67
8 9 07 17 25 26 34 45 46 57 67
8 7 07 17 26 34 45 56 67
8 7 07 12 27 34 45 56 67
8 9 01 17 23 24 37 45 46 57 67
8 9 01 17 23 24 25 37 46 56 67
8 8 01 17 23 25 34 47 56 67
8 b 01 17 24 25 26 34 35 36 47 57 67
8 a 01 17 25 26 35 36 45 46 57 67
8 8 01 17 26 34 35 46 56 67
8 7 01 17 26 35 45 56 67
8 7 01 17 23 36 45 56 67
8 9 01 02 17 27 34 45 46 57 67
8 9 01 02 17 27 34 35 46 56 67
8 8 01 02 17 27 35 45 56 67
8 8 02 12 27 34 45 46 57 67
8 8 02 12 27 34 35 46 56 67
8 7 02 12 27 35 45 56 67
8 8 01 12 27 34 35 47 56 67
8 9 01 12 27 35 36 45 46 57 67
8 7 01 12 27 36 45 56 67
8 5 23 34 45 56 57
8 6 23 34 45 46 57 67
8 6 23 34 35 46 56 67
8 6 23 24 35 45 56 67
8 5 24 34 45 56 67
8 6 01 23 34 45 46 67
8 8 01 23 34 35 46 47 56 57
8 7 01 23 34 35 47 56 67
8 7 01 23 24 35 45 56 57
8 9 01 23 24 35 36 45 46 57 67
8 7 01 23 24 36 45 56 67
8 6 01 24 34 45 56 57
8 7 01 24 34 45 46 57 67
8 8 01 24 25 34 35 46 56 67
8 6 01 25 34 45 56 67
8 6 12 23 24 45 46 47
8 8 12 23 24 25 26 47 57 67
8 6 12 23 24 25 56 67
8 6 12 23 25 34 56 57
8 7 12 23 25 26 34 57 67
8 a 12 13 24 25 26 27 34 35 36 37
8 c 12 13 14 15 26 27 36 37 46 47 56 57
8 9 12 13 27 34 35 36 47 57 67
8 9 12 13 14 15 27 36 46 56 67
8 8 12 13 14 27 37 45 56 67
8 8 12 14 23 37 45 46 57 67
8 8 12 14 15 23 37 46 56 67
8 6 12 13 34 45 46 67
8 8 12 13 34 35 46 47 56 57
8 7 12 13 34 35 47 56 67
8 7 12 13 14 35 45 56 57
8 9 12 13 14 35 36 45 46 57 67
8 7 12 13 14 36 45 56 67
8 6 13 23 34 35 36 37
8 c 13 14 15 16 23 24 25 26 37 47 57 67
8 7 13 14 23 24 45 46 67
8 a 13 14 15 23 24 25 46 47 56 57
8 9 13 14 15 23 24 25 47 56 67
8 7 13 15 23 25 34 56 67
8 8 14 15 24 25 34 35 56 57
8 b 14 15 16 24 25 26 34 35 36 57 67
8 8 14 16 24 26 34 36 45 67
8 8 14 15 16 23 34 35 36 67
8 6 15 25 35 45 56 57
8 a 15 16 25 26 35 36 45 46 57 67
8 8 15 16 25 26 34 45 46 67
8 b 15 16 17 23 24 35 36 37 45 46 47
8 8 15 16 17 24 34 45 46 47
8 8 12 25 26 27 34 45 46 47
8 8 16 23 24 25 36 46 56 67
8 6 16 25 35 45 56 67
8 6 16 26 34 45 56 67
8 7 12 26 34 35 46 56 67
8 6 12 26 35 45 56 67
8 9 16 17 23 24 36 37 45 56 57
8 a 16 17 24 25 34 35 46 47 56 57
8 7 16 17 25 34 45 56 57
8 7 12 26 27 34 45 56 57
8 7 17 23 34 35 47 56 67
8 9 17 23 24 35 36 45 46 57 67
8 7 17 23 24 36 45 56 67
8 7 17 24 34 45 46 57 67
8 8 17 24 25 34 35 46 56 67
8 6 17 25 34 45 56 67
8 f 05 06 07 15 16 17 25 26 27 35 36 37 45 46 47
8 f 03 04 05 06 07 13 14 15 16 17 23 24 25 26 27
8 8 06 16 26 34 35 46 56 67
8 7 06 16 26 35 45 56 67
8 7 06 16 23 36 45 56 67
8 d 06 07 16 17 23 24 25 36 37 46 47 56 57
8 9 06 07 16 17 25 35 45 56 57
8 9 02 03 04 12 13 14 45 46 47
8 d 02 03 04 05 06 12 13 14 15 16 47 57 67
8 a 06 07 16 17 26 27 34 45 56 57
8 a 02 03 04 05 12 13 14 15 56 67
8 9 02 03 05 12 13 15 34 56 57
8 b 06 07 12 26 27 34 35 46 47 56 57
8 b 02 03 05 06 12 13 15 16 34 57 67
8 9 02 04 06 12 14 16 23 45 67
8 9 06 07 12 26 27 35 45 56 57
8 9 01 16 17 23 36 37 45 56 57
8 7 01 12 13 14 15 56 57
8 8 01 12 13 14 15 16 57 67
8 7 01 12 13 14 16 45 67
8 b 01 02 03 04 17 27 37 45 46 57 67
8 b 01 02 03 04 05 17 27 37 46 56 67
8 a 01 02 03 05 17 27 34 47 56 67
8 7 01 02 23 24 45 46 47
8 9 01 02 23 24 25 26 47 57 67
8 7 01 02 23 24 25 56 67
8 7 01 02 23 25 34 56 57
8 8 01 02 23 25 26 34 57 67
8 b 01 02 03 24 25 26 27 34 35 36 37
8 d 01 02 03 04 05 26 27 36 37 46 47 56 57
8 a 01 02 03 27 34 35 36 47 57 67
8 a 01 02 03 04 05 27 36 46 56 67
8 9 01 02 03 04 27 37 45 56 67
8 9 01 02 04 23 37 45 46 57 67
8 9 01 02 04 05 23 37 46 56 67
8 7 01 02 03 34 45 46 67
8 9 01 02 03 34 35 46 47 56 57
8 8 01 02 03 34 35 47 56 67
8 8 01 02 03 04 35 45 56 57
8 a 01 02 03 04 35 36 45 46 57 67
8 8 01 02 03 04 36 45 56 67
8 7 01 03 12 34 45 46 47
8 9 01 03 12 34 35 36 47 57 67
8 7 01 03 12 34 35 56 67
8 9 01 03 04 12 35 36 45 46 67
8 9 01 03 04 05 12 36 46 56 67
8 9 01 03 04 12 36 37 45 56 57
8 8 01 03 04 12 37 45 56 67
8 7 01 04 12 13 45 56 67
8 8 01 02 04 13 23 45 56 67
8 7 01 04 12 23 45 56 57
8 8 01 04 12 23 45 46 57 67
8 8 01 04 05 12 23 46 56 67
8 a 07 12 13 27 34 35 36 47 57 67
8 a 07 12 13 14 15 27 36 46 56 67
8 9 07 12 13 14 27 37 45 56 67
8 9 07 12 14 23 37 45 46 57 67
8 9 07 12 14 15 23 37 46 56 67
8 d 07 13 14 15 16 23 24 25 26 37 47 57 67
8 b 07 15 16 25 26 35 36 45 46 57 67
8 9 07 16 23 24 25 36 46 56 67
8 7 07 16 25 35 45 56 67
8 7 07 16 26 34 45 56 67
8 8 07 12 26 34 35 46 56 67
8 7 07 12 26 35 45 56 67
8 8 07 17 23 34 35 47 56 67
8 a 07 17 23 24 35 36 45 46 57 67
8 8 07 17 23 24 36 45 56 67
8 8 07 17 24 34 45 46 57 67
8 9 07 17 24 25 34 35 46 56 67
8 7 07 17 25 34 45 56 67
8 9 01 17 23 34 35 36 47 57 67
8 9 01 17 23 24 25 36 46 56 67
8 8 01 17 23 24 37 45 56 67
8 9 01 17 24 25 34 35 47 56 67
8 7 01 17 25 35 45 56 67
8 9 01 17 25 26 34 45 46 57 67
8 7 01 17 26 34 45 56 67
8 8 01 02 17 27 34 45 56 67
8 7 02 12 27 34 45 56 67
8 8 01 12 27 34 45 46 57 67
8 8 01 12 27 34 35 46 56 67
8 7 01 12 27 35 45 56 67
8 5 23 34 45 56 67
8 6 01 23 34 45 56 57
8 7 01 23 34 45 46 57 67
8 7 01 23 34 35 46 56 67
8 7 01 23 24 35 45 56 67
8 6 01 24 34 45 56 67
8 6 12 23 34 35 36 37
8 9 12 23 24 25 26 37 47 57 67
8 6 12 23 24 45 46 67
8 8 12 23 24 25 46 47 56 57
8 7 12 23 24 25 47 56 67
8 6 12 23 25 34 56 67
8 9 12 13 24 25 26 34 35 36 67
8 c 12 13 14 25 26 27 35 36 37 45 46 47
8 9 12 13 14 15 26 36 46 56 67
8 a 12 13 14 26 27 36 37 45 56 57
8 8 12 13 27 34 35 47 56 67
8 a 12 13 14 27 35 36 45 46 57 67
8 8 12 13 14 27 36 45 56 67
8 7 12 14 23 37 45 56 67
8 6 12 13 34 45 56 57
8 7 12 13 34 45 46 57 67
8 7 12 13 34 35 46 56 67
8 7 12 13 14 35 45 56 67
8 6 13 23 34 35 36 67
8 a 13 14 15 23 24 25 37 47 56 67
8 7 13 14 23 24 45 56 57
8 8 13 14 23 24 45 46 57 67
8 9 13 14 15 23 24 25 46 56 67
8 6 14 24 34 45 46 47
8 c 14 15 16 24 25 26 34 35 36 47 57 67
8 8 14 15 24 25 34 35 56 67
8 7 14 15 23 34 35 56 57
8 9 14 15 16 23 34 35 36 57 67
8 7 14 16 23 34 36 45 67
8 6 15 25 35 45 56 67
8 6 15 25 34 45 56 57
8 9 15 16 25 26 34 45 46 57 67
8 9 15 16 23 24 35 36 45 46 67
8 7 15 16 24 34 45 46 67
8 7 12 25 26 34 45 46 67
8 8 15 16 17 23 34 45 46 47
8 7 16 23 24 36 45 56 67
8 8 16 24 25 34 35 46 56 67
8 6 16 25 34 45 56 67
8 6 12 26 34 45 56 67
8 9 16 17 23 34 35 46 47 56 57
8 8 16 17 23 24 35 45 56 57
8 7 16 17 24 34 45 56 57
8 7 17 23 34 45 46 57 67
8 7 17 23 34 35 46 56 67
8 7 17 23 24 35 45 56 67
8 6 17 24 34 45 56 67
8 10 04 05 06 07 14 15 16 17 24 25 26 27 34 35 36 37
8 b 05 06 15 16 25 26 35 36 45 46 67
8 d 05 06 07 15 16 17 25 26 27 34 45 46 47
8 d 03 04 05 06 13 14 15 16 23 24 25 26 67
8 b 03 04 05 06 07 12 23 24 25 26 27
8 9 06 16 23 24 25 36 46 56 67
8 7 06 16 25 35 45 56 67
8 7 06 16 26 34 45 56 67
8 8 06 12 26 34 35 46 56 67
8 8 02 03 12 13 34 35 36 37
8 7 06 12 26 35 45 56 67
8 e 02 03 04 05 06 12 13 14 15 16 37 47 57 67
8 9 02 03 04 12 13 14 45 46 67
8 7 01 16 23 36 45 56 67
8 c 02 03 04 05 12 13 14 15 46 47 56 57
8 e 06 07 12 13 14 15 26 27 36 37 46 47 56 57
8 b 02 03 04 05 12 13 14 15 47 56 67
8 9 02 03 05 12 13 15 34 56 67
8 8 02 04 12 14 23 45 46 47
8 8 06 07 15 25 35 45 56 57
8 c 02 04 05 06 12 14 15 16 23 47 57 67
8 8 02 05 12 15 23 24 56 57
8 b 06 07 16 17 23 24 36 37 45 56 57
8 a 02 05 06 12 15 16 23 24 57 67
8 c 02 03 05 06 12 13 15 16 24 34 57 67
8 c 06 07 16 17 24 25 34 35 46 47 56 57
8 9 06 07 16 17 25 34 45 56 57
8 9 06 07 12 26 27 34 45 56 57
8 c 01 16 17 23 24 25 36 37 46 47 56 57
8 8 01 16 17 25 35 45 56 57
8 c 01 02 16 17 26 27 34 35 46 47 56 57
8 a 01 02 16 17 26 27 35 45 56 57
8 8 02 12 26 27 35 45 56 57
8 7 01 12 13 14 45 46 47
8 9 01 12 13 14 15 16 47 57 67
8 7 01 12 13 14 15 56 67
8 7 01 12 13 15 34 56 57
8 8 01 12 13 15 16 34 57 67
8 7 01 12 14 16 23 45 67
8 b 01 02 03 17 27 34 35 36 47 57 67
8 b 01 02 03 04 05 17 27 36 46 56 67
8 a 01 02 03 04 17 27 37 45 56 67
8 a 01 02 04 17 23 37 45 46 57 67
8 a 01 02 04 05 17 23 37 46 56 67
8 9 01 03 05 12 27 34 47 56 67
8 7 01 02 23 34 35 36 37
8 a 01 02 23 24 25 26 37 47 57 67
8 7 01 02 23 24 45 46 67
8 9 01 02 23 24 25 46 47 56 57
8 8 01 02 23 24 25 47 56 67
8 7 01 02 23 25 34 56 67
8 a 01 02 03 24 25 26 34 35 36 67
8 d 01 02 03 04 25 26 27 35 36 37 45 46 47
8 a 01 02 03 04 05 26 36 46 56 67
8 b 01 02 03 04 26 27 36 37 45 56 57
8 9 01 02 03 27 34 35 47 56 67
8 b 01 02 03 04 27 35 36 45 46 57 67
8 9 01 02 03 04 27 36 45 56 67
8 8 01 02 04 23 37 45 56 67
8 7 01 02 03 34 45 56 57
8 8 01 02 03 34 45 46 57 67
8 8 01 02 03 34 35 46 56 67
8 8 01 02 03 04 35 45 56 67
8 7 01 03 12 34 45 46 67
8 9 01 03 12 34 35 46 47 56 57
8 8 01 03 12 34 35 47 56 67
8 8 01 03 04 12 35 45 56 57
8 a 01 03 04 12 35 36 45 46 57 67
8 8 01 03 04 12 36 45 56 67
8 7 01 04 12 23 45 56 67
8 a 07 12 23 24 25 26 37 47 57 67
8 a 07 12 13 14 15 26 36 46 56 67
8 9 07 12 13 27 34 35 47 56 67
8 b 07 12 13 14 27 35 36 45 46 57 67
8 9 07 12 13 14 27 36 45 56 67
8 8 07 12 14 23 37 45 56 67
8 b 07 13 14 15 23 24 25 37 47 56 67
8 d 07 14 15 16 24 25 26 34 35 36 47 57 67
8 7 07 15 25 35 45 56 67
8 a 07 15 16 25 26 34 45 46 57 67
8 8 07 16 23 24 36 45 56 67
8 9 07 16 24 25 34 35 46 56 67
8 7 07 16 25 34 45 56 67
8 7 07 12 26 34 45 56 67
8 8 07 17 23 34 45 46 57 67
8 8 07 17 23 34 35 46 56 67
8 8 07 17 23 24 35 45 56 67
8 7 07 17 24 34 45 56 67
8 8 01 17 23 34 35 47 56 67
8 a 01 17 23 24 35 36 45 46 57 67
8 8 01 17 23 24 36 45 56 67
8 8 01 17 24 34 45 46 57 67
8 9 01 17 24 25 34 35 46 56 67
8 7 01 17 25 34 45 56 67
8 7 01 12 27 34 45 56 67
8 6 01 23 34 45 56 67
8 6 12 23 34 35 36 67
8 8 12 23 24 25 37 47 56 67
8 6 12 23 24 45 56 57
8 7 12 23 24 45 46 57 67
8 7 12 23 24 25 46 56 67
8 8 12 13 24 25 34 35 56 57
8 a 12 13 24 25 26 34 35 36 57 67
8 8 12 13 24 26 34 36 45 67
8 a 12 13 14 25 26 35 36 45 46 67
8 9 12 13 25 26 27 34 45 46 47
8 8 12 13 14 26 36 45 56 67
8 a 12 13 26 27 34 35 46 47 56 57
8 9 12 13 14 26 27 35 45 56 57
8 8 12 14 23 36 37 45 56 57
8 8 12 13 27 34 45 46 57 67
8 8 12 13 27 34 35 46 56 67
8 8 12 13 14 27 35 45 56 67
8 6 12 13 34 45 56 67
8 6 13 23 34 35 56 57
8 7 13 23 34 35 36 57 67
8 6 13 23 34 36 45 67
8 a 13 14 23 24 35 36 37 45 46 47
8 c 13 14 15 23 24 25 36 37 46 47 56 57
8 9 13 14 23 24 37 45 46 57 67
8 a 13 14 15 23 24 25 37 46 56 67
8 8 13 15 23 25 34 47 56 67
8 7 13 14 23 24 45 56 67
8 6 14 24 34 45 46 67
8 a 14 15 24 25 34 35 46 47 56 57
8 9 14 15 24 25 34 35 47 56 67
8 6 14 23 34 45 46 47
8 a 14 15 16 23 34 35 36 47 57 67
8 7 14 15 23 34 35 56 67
8 6 15 25 34 45 56 67
8 7 15 23 24 35 45 56 57
8 a 15 16 23 24 35 36 45 46 57 67
8 6 15 24 34 45 56 57
8 8 15 16 24 34 45 46 57 67
8 6 12 25 34 45 56 57
8 8 12 25 26 34 45 46 57 67
8 7 15 16 23 34 45 46 67
8 7 16 23 34 35 46 56 67
8 7 16 23 24 35 45 56 67
8 6 16 24 34 45 56 67
8 7 16 17 23 34 45 56 57
8 6 17 23 34 45 56 67
8 d 04 05 06 14 15 16 24 25 26 34 35 36 67
8 d 04 05 06 07 14 15 16 17 23 34 35 36 37
8 7 05 15 25 35 45 56 57
8 c 05 06 15 16 25 26 35 36 45 46 57 67
8 a 05 06 15 16 25 26 34 45 46 67
8 b 03 04 05 13 14 15 23 24 25 56 57
8 e 05 06 07 15 16 17 23 24 35 36 37 45 46 47
8 e 03 04 05 06 13 14 15 16 23 24 25 26 57 67
8 b 03 04 06 13 14 16 23 24 26 45 67
8 b 05 06 07 15 16 17 24 34 45 46 47
8 b 05 06 07 12 25 26 27 34 45 46 47
8 a 03 04 05 06 12 23 24 25 26 67
8 c 01 02 13 14 15 16 17 23 24 25 26 27
8 7 02 12 23 24 25 26 27
8 a 06 12 13 14 15 26 36 46 56 67
8 7 06 15 25 35 45 56 67
8 8 06 16 23 24 36 45 56 67
8 9 06 16 24 25 34 35 46 56 67
8 f 02 03 04 05 06 12 13 14 15 16 27 37 47 57 67
8 8 02 03 12 13 34 35 36 67
8 7 06 16 25 34 45 56 67
8 c 02 03 04 05 12 13 14 15 37 47 56 67
8 9 02 03 04 12 13 14 45 56 57
8 7 06 12 26 34 45 56 67
8 a 02 03 04 12 13 14 45 46 57 67
8 b 02 03 04 05 12 13 14 15 46 56 67
8 9 01 16 23 24 25 36 46 56 67
8 8 02 04 12 14 23 45 46 67
8 b 02 04 05 12 14 15 23 46 47 56 57
8 7 01 16 25 35 45 56 67
8 a 02 04 05 12 14 15 23 47 56 67
8 8 02 05 12 15 23 24 56 67
8 9 01 02 16 26 34 35 46 56 67
8 a 02 03 05 12 13 15 24 34 56 67
8 8 01 02 16 26 35 45 56 67
8 7 02 12 26 35 45 56 67
8 f 01 02 03 04 05 16 17 26 27 36 37 46 47 56 57
8 c 06 07 12 13 14 26 27 36 37 45 56 57
8 8 06 07 15 25 34 45 56 57
8 b 06 07 16 17 23 34 35 46 47 56 57
8 a 06 07 16 17 23 24 35 45 56 57
8 9 06 07 16 17 24 34 45 56 57
8 a 01 16 17 23 24 36 37 45 56 57
8 b 01 16 17 24 25 34 35 46 47 56 57
8 8 01 16 17 25 34 45 56 57
8 a 01 02 16 17 26 27 34 45 56 57
8 8 02 12 26 27 34 45 56 57
8 7 01 12 13 34 35 36 37
8 a 01 12 13 14 15 16 37 47 57 67
8 7 01 12 13 14 45 46 67
8 9 01 12 13 14 15 46 47 56 57
8 8 01 12 13 14 15 47 56 67
8 7 01 12 13 15 34 56 67
8 7 01 12 14 23 45 46 47
8 9 01 12 14 15 16 23 47 57 67
8 7 01 12 15 23 24 56 57
8 8 01 12 15 16 23 24 57 67
8 9 01 12 13 15 16 24 34 57 67
8 b 01 02 17 23 24 25 26 37 47 57 67
8 b 01 02 03 04 05 17 26 36 46 56 67
8 a 01 02 03 17 27 34 35 47 56 67
8 c 01 02 03 04 17 27 35 36 45 46 57 67
8 a 01 02 03 04 17 27 36 45 56 67
8 9 01 02 04 17 23 37 45 56 67
8 a 01 03 12 27 34 35 36 47 57 67
8 a 01 03 04 05 12 27 36 46 56 67
8 a 01 04 12 13 27 37 45 46 57 67
8 a 01 04 05 12 13 27 37 46 56 67
8 a 01 02 04 05 13 23 37 46 56 67
8 7 01 02 23 34 35 36 67
8 9 01 02 23 24 25 37 47 56 67
8 7 01 02 23 24 45 56 57
8 8 01 02 23 24 45 46 57 67
8 8 01 02 23 24 25 46 56 67
8 9 01 02 03 24 25 34 35 56 57
8 b 01 02 03 24 25 26 34 35 36 57 67
8 9 01 02 03 24 26 34 36 45 67
8 b 01 02 03 04 25 26 35 36 45 46 67
8 a 01 02 03 25 26 27 34 45 46 47
8 9 01 02 03 04 26 36 45 56 67
8 b 01 02 03 26 27 34 35 46 47 56 57
8 a 01 02 03 04 26 27 35 45 56 57
8 9 01 02 04 23 36 37 45 56 57
8 9 01 02 03 27 34 45 46 57 67
8 9 01 02 03 27 34 35 46 56 67
8 9 01 02 03 04 27 35 45 56 67
8 7 01 02 03 34 45 56 67
8 7 01 03 12 34 45 56 57
8 8 01 03 12 34 45 46 57 67
8 8 01 03 12 34 35 46 56 67
8 8 01 03 04 12 35 45 56 67
8 9 07 12 23 24 25 37 47 56 67
8 9 07 12 13 14 26 36 45 56 67
8 9 07 12 13 27 34 45 46 57 67
8 9 07 12 13 27 34 35 46 56 67
8 9 07 12 13 14 27 35 45 56 67
8 a 07 13 14 23 24 37 45 46 57 67
8 b 07 13 14 15 23 24 25 37 46 56 67
8 9 07 13 15 23 25 34 47 56 67
8 a 07 14 15 24 25 34 35 47 56 67
8 b 07 14 15 16 23 34 35 36 47 57 67
8 7 07 15 25 34 45 56 67
8 b 07 15 16 23 24 35 36 45 46 57 67
8 9 07 15 16 24 34 45 46 57 67
8 9 07 12 25 26 34 45 46 57 67
8 8 07 16 23 34 35 46 56 67
8 8 07 16 23 24 35 45 56 67
8 7 07 16 24 34 45 56 67
8 7 07 17 23 34 45 56 67
8 8 01 17 23 34 45 46 57 67
8 8 01 17 23 34 35 46 56 67
8 8 01 17 23 24 35 45 56 67
8 7 01 17 24 34 45 56 67
8 6 12 23 34 35 56 57
8 7 12 23 34 35 36 57 67
8 6 12 23 34 36 45 67
8 9 12 23 24 35 36 37 45 46 47
8 a 12 23 24 25 36 37 46 47 56 57
8 8 12 23 24 37 45 46 57 67
8 8 12 23 24 25 37 46 56 67
8 7 12 23 25 34 47 56 67
8 6 12 23 24 45 56 67
8 7 12 13 24 34 45 46 47
8 b 12 13 24 25 26 34 35 36 47 57 67
8 8 12 13 24 25 34 35 56 67
8 8 12 13 14 25 35 45 56 57
8 b 12 13 14 25 26 35 36 45 46 57 67
8 8 12 13 25 26 34 45 46 67
8 8 12 13 26 34 35 46 56 67
8 8 12 13 14 26 35 45 56 67
8 7 12 14 23 36 45 56 67
8 8 12 13 26 27 34 45 56 57
8 7 12 13 27 34 45 56 67
8 6 13 23 34 45 46 47
8 8 13 23 34 35 36 47 57 67
8 6 13 23 34 35 56 67
8 9 13 14 23 24 35 36 45 46 67
8 a 13 14 15 23 24 25 36 46 56 67
8 9 13 14 23 24 36 37 45 56 57
8 8 13 14 23 24 37 45 56 67
8 6 14 24 34 45 56 57
8 7 14 24 34 45 46 57 67
8 9 14 15 24 25 34 35 46 56 67
8 6 14 23 34 45 46 67
8 9 14 15 23 34 35 46 47 56 57
8 8 14 15 23 34 35 47 56 67
8 7 15 23 24 35 45 56 67
8 6 15 24 34 45 56 67
8 6 12 25 34 45 56 67
8 6 15 23 34 45 56 57
8 8 15 16 23 34 45 46 57 67
8 6 16 23 34 45 56 67
8 a 04 05 14 15 24 25 34 35 56 57
8 e 04 05 06 14 15 16 24 25 26 34 35 36 57 67
8 a 04 06 14 16 24 26 34 36 45 67
8 b 04 05 06 14 15 16 23 34 35 36 67
8 e 04 05 06 07 12 13 24 25 26 27 34 35 36 37
8 a 04 05 06 07 13 23 34 35 36 37
8 a 01 14 15 16 17 23 34 35 36 37
8 7 05 15 25 35 45 56 67
8 7 05 15 25 34 45 56 57
8 b 05 06 15 16 25 26 34 45 46 57 67
8 b 05 06 15 16 23 24 35 36 45 46 67
8 9 03 04 13 14 23 24 45 46 47
8 f 03 04 05 06 13 14 15 16 23 24 25 26 47 57 67
8 9 05 06 15 16 24 34 45 46 67
8 b 03 04 05 13 14 15 23 24 25 56 67
8 9 03 05 13 15 23 25 34 56 57
8 c 03 05 06 13 15 16 23 25 26 34 57 67
8 9 05 06 12 25 26 34 45 46 67
8 f 05 06 07 12 13 14 25 26 27 35 36 37 45 46 47
8 9 05 06 07 14 24 34 45 46 47
8 b 05 06 07 15 16 17 23 34 45 46 47
8 c 01 15 16 17 23 24 35 36 37 45 46 47
8 9 01 15 16 17 24 34 45 46 47
8 9 03 04 05 12 23 24 25 56 57
8 b 03 04 05 06 12 23 24 25 26 57 67
8 9 03 04 06 12 23 24 26 45 67
8 b 01 02 13 14 15 16 23 24 25 26 67
8 7 02 12 23 24 25 26 67
8 7 01 12 23 24 25 26 27
8 d 02 03 04 05 12 13 14 15 27 37 47 56 67
8 8 02 03 12 13 34 35 56 57
8 9 02 03 12 13 34 35 36 57 67
8 b 01 02 03 04 05 16 26 36 46 56 67
8 8 02 03 12 13 34 36 45 67
8 c 02 03 04 12 13 14 35 36 37 45 46 47
8 e 02 03 04 05 12 13 14 15 36 37 46 47 56 57
8 b 02 03 04 12 13 14 37 45 46 57 67
8 9 06 12 13 14 26 36 45 56 67
8 c 02 03 04 05 12 13 14 15 37 46 56 67
8 a 02 03 05 12 13 15 34 47 56 67
8 7 06 15 25 34 45 56 67
8 9 02 03 04 12 13 14 45 56 67
8 8 02 04 12 14 23 45 56 57
8 8 06 16 23 34 35 46 56 67
8 9 02 04 12 14 23 45 46 57 67
8 a 02 04 05 12 14 15 23 46 56 67
8 8 06 16 23 24 35 45 56 67
8 8 02 05 12 15 23 34 56 67
8 7 06 16 24 34 45 56 67
8 8 01 16 23 24 36 45 56 67
8 9 01 16 24 25 34 35 46 56 67
8 7 01 16 25 34 45 56 67
8 8 01 02 16 26 34 45 56 67
8 7 02 12 26 34 45 56 67
8 d 01 02 03 04 16 17 26 27 36 37 45 56 57
8 c 06 07 12 13 26 27 34 35 46 47 56 57
8 b 06 07 12 13 14 26 27 35 45 56 57
8 a 06 07 12 14 23 36 37 45 56 57
8 e 06 07 13 14 15 23 24 25 36 37 46 47 56 57
8 c 06 07 14 15 24 25 34 35 46 47 56 57
8 9 06 07 15 23 24 35 45 56 57
8 8 06 07 15 24 34 45 56 57
8 8 06 07 12 25 34 45 56 57
8 9 06 07 16 17 23 34 45 56 57
8 a 01 16 17 23 34 35 46 47 56 57
8 9 01 16 17 23 24 35 45 56 57
8 8 01 16 17 24 34 45 56 57
8 8 01 12 26 27 34 45 56 57
8 b 01 12 13 14 15 16 27 37 47 57 67
8 7 01 12 13 34 35 36 67
8 9 01 12 13 14 15 37 47 56 67
8 7 01 12 13 14 45 56 57
8 8 01 12 13 14 45 46 57 67
8 8 01 12 13 14 15 46 56 67
8 7 01 12 14 23 45 46 67
8 9 01 12 14 15 23 46 47 56 57
8 8 01 12 14 15 23 47 56 67
8 7 01 12 15 23 24 56 67
8 8 01 12 13 15 24 34 56 67
8 a 01 02 17 23 24 25 37 47 56 67
8 a 01 02 03 04 17 26 36 45 56 67
8 a 01 02 03 17 27 34 45 46 57 67
8 a 01 02 03 17 27 34 35 46 56 67
8 a 01 02 03 04 17 27 35 45 56 67
8 9 01 03 12 27 34 35 47 56 67
8 b 01 03 04 12 27 35 36 45 46 57 67
8 9 01 03 04 12 27 36 45 56 67
8 9 01 04 12 13 27 37 45 56 67
8 9 01 02 04 13 23 37 45 56 67
8 7 01 02 23 34 35 56 57
8 8 01 02 23 34 35 36 57 67
8 7 01 02 23 34 36 45 67
8 a 01 02 23 24 35 36 37 45 46 47
8 b 01 02 23 24 25 36 37 46 47 56 57
8 9 01 02 23 24 37 45 46 57 67
8 9 01 02 23 24 25 37 46 56 67
8 8 01 02 23 25 34 47 56 67
8 7 01 02 23 24 45 56 67
8 8 01 02 03 24 34 45 46 47
8 c 01 02 03 24 25 26 34 35 36 47 57 67
8 9 01 02 03 24 25 34 35 56 67
8 9 01 02 03 04 25 35 45 56 57
8 c 01 02 03 04 25 26 35 36 45 46 57 67
8 9 01 02 03 25 26 34 45 46 67
8 9 01 02 03 26 34 35 46 56 67
8 9 01 02 03 04 26 35 45 56 67
8 8 01 02 04 23 36 45 56 67
8 9 01 02 03 26 27 34 45 56 57
8 8 01 02 03 27 34 45 56 67
8 7 01 03 12 34 45 56 67
8 9 07 12 23 24 37 45 46 57 67
8 9 07 12 23 24 25 37 46 56 67
8 8 07 12 23 25 34 47 56 67
8 c 07 12 13 24 25 26 34 35 36 47 57 67
8 c 07 12 13 14 25 26 35 36 45 46 57 67
8 9 07 12 13 26 34 35 46 56 67
8 9 07 12 13 14 26 35 45 56 67
8 8 07 12 14 23 36 45 56 67
8 8 07 12 13 27 34 45 56 67
8 9 07 13 23 34 35 36 47 57 67
8 b 07 13 14 15 23 24 25 36 46 56 67
8 9 07 13 14 23 24 37 45 56 67
8 8 07 14 24 34 45 46 57 67
8 a 07 14 15 24 25 34 35 46 56 67
8 9 07 14 15 23 34 35 47 56 67
8 8 07 15 23 24 35 45 56 67
8 7 07 15 24 34 45 56 67
8 7 07 12 25 34 45 56 67
8 9 07 15 16 23 34 45 46 57 67
8 7 07 16 23 34 45 56 67
8 7 01 17 23 34 45 56 67
8 6 12 23 34 45 46 47
8 8 12 23 34 35 36 47 57 67
8 6 12 23 34 35 56 67
8 8 12 23 24 35 36 45 46 67
8 8 12 23 24 25 36 46 56 67
8 8 12 23 24 36 37 45 56 57
8 7 12 23 24 37 45 56 67
8 7 12 13 24 34 45 46 67
8 a 12 13 24 25 34 35 46 47 56 57
8 9 12 13 24 25 34 35 47 56 67
8 8 12 13 14 25 35 45 56 67
8 7 12 13 25 34 45 56 57
8 9 12 13 25 26 34 45 46 57 67
8 7 12 13 26 34 45 56 67
8 6 13 23 34 45 46 67
8 8 13 23 34 35 46 47 56 57
8 7 13 23 34 35 47 56 67
8 8 13 14 23 24 35 45 56 57
8 a 13 14 23 24 35 36 45 46 57 67
8 8 13 14 23 24 36 45 56 67
8 6 14 24 34 45 56 67
8 6 14 23 34 45 56 57
8 7 14 23 34 45 46 57 67
8 8 14 15 23 34 35 46 56 67
8 6 15 23 34 45 56 67
8 7 04 14 24 34 45 46 47
8 f 04 05 06 14 15 16 24 25 26 34 35 36 47 57 67
8 a 04 05 14 15 24 25 34 35 56 67
8 9 04 05 14 15 23 34 35 56 57
8 c 04 05 06 14 15 16 23 34 35 36 57 67
8 9 04 06 14 16 23 34 36 45 67
8 c 04 05 06 12 13 24 25 26 34 35 36 67
8 9 04 05 06 13 23 34 35 36 67
8 9 01 14 15 16 23 34 35 36 67
8 f 01 02 03 14 15 16 17 24 25 26 27 34 35 36 37
8 7 03 13 23 34 35 36 37
8 a 04 05 06 07 12 23 34 35 36 37
8 7 05 15 25 34 45 56 67
8 8 05 15 23 24 35 45 56 57
8 c 05 06 15 16 23 24 35 36 45 46 57 67
8 7 05 15 24 34 45 56 57
8 a 05 06 15 16 24 34 45 46 57 67
8 7 05 12 25 34 45 56 57
8 10 03 04 05 06 13 14 15 16 23 24 25 26 37 47 57 67
8 a 05 06 12 25 26 34 45 46 57 67
8 9 03 04 13 14 23 24 45 46 67
8 d 03 04 05 13 14 15 23 24 25 46 47 56 57
8 c 05 06 12 13 14 25 26 35 36 45 46 67
8 c 03 04 05 13 14 15 23 24 25 47 56 67
8 9 03 05 13 15 23 25 34 56 67
8 8 05 06 14 24 34 45 46 67
8 9 05 06 15 16 23 34 45 46 67
8 a 01 15 16 23 24 35 36 45 46 67
8 8 01 15 16 24 34 45 46 67
8 10 01 02 03 04 15 16 17 25 26 27 35 36 37 45 46 47
8 c 05 06 07 12 13 25 26 27 34 45 46 47
8 d 05 06 07 13 14 23 24 35 36 37 45 46 47
8 9 05 06 07 14 23 34 45 46 47
8 9 01 15 16 17 23 34 45 46 47
8 8 03 04 12 23 24 45 46 47
8 c 03 04 05 06 12 23 24 25 26 47 57 67
8 9 03 04 05 12 23 24 25 56 67
8 8 03 05 12 23 25 34 56 57
8 a 03 05 06 12 23 25 26 34 57 67
8 a 01 02 13 14 15 23 24 25 56 57
8 c 01 02 13 14 15 16 23 24 25 26 57 67
8 a 01 02 13 14 16 23 24 26 45 67
8 7 02 12 23 24 25 56 57
8 8 02 12 23 24 25 26 57 67
8 7 02 12 23 24 26 45 67
8 7 01 12 23 24 25 26 67
8 c 02 03 04 12 13 14 27 37 45 46 57 67
8 d 02 03 04 05 12 13 14 15 27 37 46 56 67
8 b 02 03 05 12 13 15 27 34 47 56 67
8 8 02 03 12 13 34 45 46 47
8 a 02 03 12 13 34 35 36 47 57 67
8 8 02 03 12 13 34 35 56 67
8 b 02 03 04 12 13 14 35 36 45 46 67
8 c 02 03 04 05 12 13 14 15 36 46 56 67
8 b 02 03 04 12 13 14 36 37 45 56 57
8 a 01 02 03 04 16 26 36 45 56 67
8 a 02 03 04 12 13 14 37 45 56 67
8 8 02 04 12 14 23 45 56 67
8 9 06 12 13 26 34 35 46 56 67
8 9 06 12 13 14 26 35 45 56 67
8 8 06 12 14 23 36 45 56 67
8 b 06 13 14 15 23 24 25 36 46 56 67
8 a 06 14 15 24 25 34 35 46 56 67
8 8 06 15 23 24 35 45 56 67
8 7 06 15 24 34 45 56 67
8 7 06 12 25 34 45 56 67
8 7 06 16 23 34 45 56 67
8 8 01 16 23 34 35 46 56 67
8 8 01 16 23 24 35 45 56 67
8 7 01 16 24 34 45 56 67
8 7 01 12 26 34 45 56 67
8 d 01 02 03 16 17 26 27 34 35 46 47 56 57
8 c 01 02 03 04 16 17 26 27 35 45 56 57
8 b 01 02 04 16 17 23 36 37 45 56 57
8 c 06 07 12 23 24 25 36 37 46 47 56 57
8 a 06 07 12 13 14 25 35 45 56 57
8 a 06 07 12 13 26 27 34 45 56 57
8 b 06 07 13 14 23 24 36 37 45 56 57
8 8 06 07 14 24 34 45 56 57
8 b 06 07 14 15 23 34 35 46 47 56 57
8 8 06 07 15 23 34 45 56 57
8 8 01 16 17 23 34 45 56 57
8 a 01 12 13 14 15 27 37 47 56 67
8 7 01 12 13 34 35 56 57
8 8 01 12 13 34 35 36 57 67
8 7 01 12 13 34 36 45 67
8 a 01 12 13 14 35 36 37 45 46 47
8 b 01 12 13 14 15 36 37 46 47 56 57
8 9 01 12 13 14 37 45 46 57 67
8 9 01 12 13 14 15 37 46 56 67
8 8 01 12 13 15 34 47 56 67
8 7 01 12 13 14 45 56 67
8 7 01 12 14 23 45 56 57
8 8 01 12 14 23 45 46 57 67
8 8 01 12 14 15 23 46 56 67
8 7 01 12 15 23 34 56 67
8 a 01 02 17 23 24 37 45 46 57 67
8 a 01 02 17 23 24 25 37 46 56 67
8 9 01 02 17 23 25 34 47 56 67
8 d 01 02 03 17 24 25 26 34 35 36 47 57 67
8 d 01 02 03 04 17 25 26 35 36 45 46 57 67
8 a 01 02 03 17 26 34 35 46 56 67
8 a 01 02 03 04 17 26 35 45 56 67
8 9 01 02 04 17 23 36 45 56 67
8 9 01 02 03 17 27 34 45 56 67
8 9 01 03 12 27 34 45 46 57 67
8 9 01 03 12 27 34 35 46 56 67
8 9 01 03 04 12 27 35 45 56 67
8 8 01 04 12 23 37 45 56 67
8 7 01 02 23 34 45 46 47
8 9 01 02 23 34 35 36 47 57 67
8 7 01 02 23 34 35 56 67
8 9 01 02 23 24 35 36 45 46 67
8 9 01 02 23 24 25 36 46 56 67
8 9 01 02 23 24 36 37 45 56 57
8 8 01 02 23 24 37 45 56 67
8 8 01 02 03 24 34 45 46 67
8 b 01 02 03 24 25 34 35 46 47 56 57
8 a 01 02 03 24 25 34 35 47 56 67
8 9 01 02 03 04 25 35 45 56 67
8 8 01 02 03 25 34 45 56 57
8 a 01 02 03 25 26 34 45 46 57 67
8 8 01 02 03 26 34 45 56 67
8 9 07 12 23 34 35 36 47 57 67
8 9 07 12 23 24 25 36 46 56 67
8 8 07 12 23 24 37 45 56 67
8 a 07 12 13 24 25 34 35 47 56 67
8 9 07 12 13 14 25 35 45 56 67
8 a 07 12 13 25 26 34 45 46 57 67
8 8 07 12 13 26 34 45 56 67
8 8 07 13 23 34 35 47 56 67
8 b 07 13 14 23 24 35 36 45 46 57 67
8 9 07 13 14 23 24 36 45 56 67
8 7 07 14 24 34 45 56 67
8 8 07 14 23 34 45 46 57 67
8 9 07 14 15 23 34 35 46 56 67
8 7 07 15 23 34 45 56 67
8 6 12 23 34 45 46 67
8 8 12 23 34 35 46 47 56 57
8 7 12 23 34 35 47 56 67
8 7 12 23 24 35 45 56 57
8 9 12 23 24 35 36 45 46 57 67
8 7 12 23 24 36 45 56 67
8 7 12 13 24 34 45 56 57
8 8 12 13 24 34 45 46 57 67
8 9 12 13 24 25 34 35 46 56 67
8 7 12 13 25 34 45 56 67
8 6 13 23 34 45 56 57
8 7 13 23 34 45 46 57 67
8 7 13 23 34 35 46 56 67
8 8 13 14 23 24 35 45 56 67
8 6 14 23 34 45 56 67
8 7 04 14 24 34 45 46 67
8 c 04 05 14 15 24 25 34 35 46 47 56 57
8 b 04 05 14 15 24 25 34 35 47 56 67
8 7 04 14 23 34 45 46 47
8 d 04 05 06 14 15 16 23 34 35 36 47 57 67
8 9 04 05 14 15 23 34 35 56 67
8 a 04 05 12 13 24 25 34 35 56 57
8 d 04 05 06 12 13 24 25 26 34 35 36 57 67
8 a 04 06 12 13 24 26 34 36 45 67
8 8 04 05 13 23 34 35 56 57
8 a 04 05 06 13 23 34 35 36 57 67
8 8 04 06 13 23 34 36 45 67
8 8 01 14 15 23 34 35 56 57
8 a 01 14 15 16 23 34 35 36 57 67
8 8 01 14 16 23 34 36 45 67
8 d 01 02 03 14 15 16 24 25 26 34 35 36 67
8 7 03 13 23 34 35 36 67
8 9 04 05 06 12 23 34 35 36 67
8 b 01 02 14 15 16 17 23 34 35 36 37
8 c 02 03 12 13 24 25 26 27 34 35 36 37
8 7 03 12 23 34 35 36 37
8 8 05 15 23 24 35 45 56 67
8 7 05 15 24 34 45 56 67
8 7 05 12 25 34 45 56 67
8 9 05 12 13 14 25 35 45 56 57
8 d 05 06 12 13 14 25 26 35 36 45 46 57 67
8 d 03 04 05 13 14 15 23 24 25 37 47 56 67
8 7 05 14 24 34 45 56 57
8 9 05 06 14 24 34 45 46 57 67
8 9 03 04 13 14 23 24 45 56 57
8 a 03 04 13 14 23 24 45 46 57 67
8 7 05 15 23 34 45 56 57
8 c 03 04 05 13 14 15 23 24 25 46 56 67
8 a 05 06 15 16 23 34 45 46 57 67
8 8 01 15 23 24 35 45 56 57
8 b 01 15 16 23 24 35 36 45 46 57 67
8 7 01 15 24 34 45 56 57
8 9 01 15 16 24 34 45 46 57 67
8 d 01 02 03 04 15 16 25 26 35 36 45 46 67
8 a 05 06 12 13 25 26 34 45 46 67
8 b 05 06 13 14 23 24 35 36 45 46 67
8 8 05 06 14 23 34 45 46 67
8 8 01 15 16 23 34 45 46 67
8 d 01 02 03 15 16 17 25 26 27 34 45 46 47
8 c 05 06 07 12 23 24 35 36 37 45 46 47
8 a 05 06 07 12 13 24 34 45 46 47
8 d 03 04 05 06 12 23 24 25 26 37 47 57 67
8 9 05 06 07 13 23 34 45 46 47
8 8 03 04 12 23 24 45 46 67
8 b 03 04 05 12 23 24 25 46 47 56 57
8 a 03 04 05 12 23 24 25 47 56 67
8 8 03 05 12 23 25 34 56 67
8 9 01 02 13 14 23 24 45 46 47
8 d 01 02 13 14 15 16 23 24 25 26 47 57 67
8 a 01 02 13 14 15 23 24 25 56 67
8 9 01 02 13 15 23 25 34 56 57
8 b 01 02 13 15 16 23 25 26 34 57 67
8 7 02 12 23 24 45 46 47
8 9 02 12 23 24 25 26 47 57 67
8 7 02 12 23 24 25 56 67
8 7 02 12 23 25 34 56 57
8 8 02 12 23 25 26 34 57 67
8 7 01 12 23 24 25 56 57
8 8 01 12 23 24 25 26 57 67
8 7 01 12 23 24 26 45 67
8 10 02 03 04 05 12 13 14 15 26 27 36 37 46 47 56 57
8 b 02 03 12 13 27 34 35 36 47 57 67
8 d 02 03 04 05 12 13 14 15 27 36 46 56 67
8 b 02 03 04 12 13 14 27 37 45 56 67
8 a 02 04 12 14 23 37 45 46 57 67
8 b 02 04 05 12 14 15 23 37 46 56 67
8 8 02 03 12 13 34 45 46 67
8 a 02 03 12 13 34 35 46 47 56 57
8 9 02 03 12 13 34 35 47 56 67
8 a 02 03 04 12 13 14 35 45 56 57
8 c 02 03 04 12 13 14 35 36 45 46 57 67
8 a 02 03 04 12 13 14 36 45 56 67
8 a 01 02 03 16 26 34 35 46 56 67
8 a 01 02 03 04 16 26 35 45 56 67
8 9 01 02 04 16 23 36 45 56 67
8 9 06 12 23 24 25 36 46 56 67
8 9 06 12 13 14 25 35 45 56 67
8 8 06 12 13 26 34 45 56 67
8 9 06 13 14 23 24 36 45 56 67
8 7 06 14 24 34 45 56 67
8 9 06 14 15 23 34 35 46 56 67
8 7 06 15 23 34 45 56 67
8 7 01 16 23 34 45 56 67
8 d 01 02 16 17 23 24 25 36 37 46 47 56 57
8 b 01 02 03 04 16 17 25 35 45 56 57
8 b 01 02 03 16 17 26 27 34 45 56 57
8 b 01 03 12 26 27 34 35 46 47 56 57
8 a 01 03 04 12 26 27 35 45 56 57
8 a 06 07 12 23 24 36 37 45 56 57
8 c 06 07 12 13 24 25 34 35 46 47 56 57
8 9 06 07 12 13 25 34 45 56 57
8 a 06 07 13 23 34 35 46 47 56 57
8 a 06 07 13 14 23 24 35 45 56 57
8 8 06 07 14 23 34 45 56 57
8 a 01 12 13 14 27 37 45 46 57 67
8 a 01 12 13 14 15 27 37 46 56 67
8 9 01 12 13 15 27 34 47 56 67
8 7 01 12 13 34 45 46 47
8 9 01 12 13 34 35 36 47 57 67
8 7 01 12 13 34 35 56 67
8 9 01 12 13 14 35 36 45 46 67
8 9 01 12 13 14 15 36 46 56 67
8 9 01 12 13 14 36 37 45 56 57
8 8 01 12 13 14 37 45 56 67
8 7 01 12 14 23 45 56 67
8 a 01 02 17 23 34 35 36 47 57 67
8 a 01 02 17 23 24 25 36 46 56 67
8 9 01 02 17 23 24 37 45 56 67
8 b 01 02 03 17 24 25 34 35 47 56 67
8 a 01 02 03 04 17 25 35 45 56 67
8 b 01 02 03 17 25 26 34 45 46 57 67
8 9 01 02 03 17 26 34 45 56 67
8 8 01 03 12 27 34 45 56 67
8 7 01 02 23 34 45 46 67
8 9 01 02 23 34 35 46 47 56 57
8 8 01 02 23 34 35 47 56 67
8 8 01 02 23 24 35 45 56 57
8 a 01 02 23 24 35 36 45 46 57 67
8 8 01 02 23 24 36 45 56 67
8 8 01 02 03 24 34 45 56 57
8 9 01 02 03 24 34 45 46 57 67
8 a 01 02 03 24 25 34 35 46 56 67
8 8 01 02 03 25 34 45 56 67
8 8 07 12 23 34 35 47 56 67
8 a 07 12 23 24 35 36 45 46 57 67
8 8 07 12 23 24 36 45 56 67
8 9 07 12 13 24 34 45 46 57 67
8 a 07 12 13 24 25 34 35 46 56 67
8 8 07 12 13 25 34 45 56 67
8 8 07 13 23 34 45 46 57 67
8 8 07 13 23 34 35 46 56 67
8 9 07 13 14 23 24 35 45 56 67
8 7 07 14 23 34 45 56 67
8 6 12 23 34 45 56 57
8 7 12 23 34 45 46 57 67
8 7 12 23 34 35 46 56 67
8 7 12 23 24 35 45 56 67
8 7 12 13 24 34 45 56 67
8 6 13 23 34 45 56 67
8 7 04 14 24 34 45 56 57
8 8 04 14 24 34 45 46 57 67
8 b 04 05 14 15 24 25 34 35 46 56 67
8 7 04 14 23 34 45 46 67
8 b 04 05 14 15 23 34 35 46 47 56 57
8 a 04 05 14 15 23 34 35 47 56 67
8 8 04 12 13 24 34 45 46 47
8 e 04 05 06 12 13 24 25 26 34 35 36 47 57 67
8 a 04 05 12 13 24 25 34 35 56 67
8 7 04 13 23 34 45 46 47
8 b 04 05 06 13 23 34 35 36 47 57 67
8 8 04 05 13 23 34 35 56 67
8 7 01 14 23 34 45 46 47
8 b 01 14 15 16 23 34 35 36 47 57 67
8 8 01 14 15 23 34 35 56 67
8 b 01 02 03 14 15 24 25 34 35 56 57
8 e 01 02 03 14 15 16 24 25 26 34 35 36 57 67
8 b 01 02 03 14 16 24 26 34 36 45 67
8 7 03 13 23 34 35 56 57
8 8 03 13 23 34 35 36 57 67
8 7 03 13 23 34 36 45 67
8 8 04 05 12 23 34 35 56 57
8 a 04 05 06 12 23 34 35 36 57 67
8 8 04 06 12 23 34 36 45 67
8 a 01 02 14 15 16 23 34 35 36 67
8 b 02 03 12 13 24 25 26 34 35 36 67
8 7 03 12 23 34 35 36 67
8 b 01 12 13 24 25 26 27 34 35 36 37
8 8 01 02 13 23 34 35 36 37
8 7 02 12 23 34 35 36 37
8 9 05 12 13 14 25 35 45 56 67
8 7 05 14 24 34 45 56 67
8 7 05 15 23 34 45 56 67
8 c 03 04 13 14 23 24 35 36 37 45 46 47
8 8 01 15 23 24 35 45 56 67
8 f 03 04 05 13 14 15 23 24 25 36 37 46 47 56 57
8 b 03 04 13 14 23 24 37 45 46 57 67
8 d 03 04 05 13 14 15 23 24 25 37 46 56 67
8 7 01 15 24 34 45 56 67
8 a 03 05 13 15 23 25 34 47 56 67
8 9 03 04 13 14 23 24 45 56 67
8 a 01 02 03 04 15 25 35 45 56 57
8 e 01 02 03 04 15 16 25 26 35 36 45 46 57 67
8 8 05 12 13 25 34 45 56 57
8 b 05 06 12 13 25 26 34 45 46 57 67
8 9 05 13 14 23 24 35 45 56 57
8 c 05 06 13 14 23 24 35 36 45 46 57 67
8 7 05 14 23 34 45 56 57
8 9 05 06 14 23 34 45 46 57 67
8 7 01 15 23 34 45 56 57
8 9 01 15 16 23 34 45 46 57 67
8 b 01 02 03 15 16 25 26 34 45 46 67
8 a 05 06 12 23 24 35 36 45 46 67
8 9 05 06 12 13 24 34 45 46 67
8 8 05 06 13 23 34 45 46 67
8 d 01 02 15 16 17 23 24 35 36 37 45 46 47
8 b 03 04 05 12 23 24 25 37 47 56 67
8 b 01 02 03 15 16 17 24 34 45 46 47
8 8 03 04 12 23 24 45 56 57
8 9 03 04 12 23 24 45 46 57 67
8 a 03 04 05 12 23 24 25 46 56 67
8 a 01 03 12 25 26 27 34 45 46 47
8 f 02 03 04 12 13 14 25 26 27 35 36 37 45 46 47
8 9 05 06 07 12 23 34 45 46 47
8 e 01 02 13 14 15 16 23 24 25 26 37 47 57 67
8 9 01 02 13 14 23 24 45 46 67
8 c 01 02 13 14 15 23 24 25 46 47 56 57
8 b 01 02 13 14 15 23 24 25 47 56 67
8 9 01 02 13 15 23 25 34 56 67
8 a 02 12 23 24 25 26 37 47 57 67
8 7 02 12 23 24 45 46 67
8 9 02 12 23 24 25 46 47 56 57
8 8 02 12 23 24 25 47 56 67
8 7 02 12 23 25 34 56 67
8 7 01 12 23 24 45 46 47
8 9 01 12 23 24 25 26 47 57 67
8 7 01 12 23 24 25 56 67
8 7 01 12 23 25 34 56 57
8 8 01 12 23 25 26 34 57 67
8 d 02 03 04 05 12 13 14 15 26 36 46 56 67
8 d 02 03 04 12 13 14 26 27 36 37 45 56 57
8 a 02 03 12 13 27 34 35 47 56 67
8 d 02 03 04 12 13 14 27 35 36 45 46 57 67
8 b 02 03 04 12 13 14 27 36 45 56 67
8 9 02 04 12 14 23 37 45 56 67
8 8 02 03 12 13 34 45 56 57
8 9 02 03 12 13 34 45 46 57 67
8 9 02 03 12 13 34 35 46 56 67
8 a 02 03 04 12 13 14 35 45 56 67
8 a 01 02 16 23 24 25 36 46 56 67
8 a 01 02 03 04 16 25 35 45 56 67
8 9 01 02 03 16 26 34 45 56 67
8 9 01 03 12 26 34 35 46 56 67
8 9 01 03 04 12 26 35 45 56 67
8 8 06 12 23 24 36 45 56 67
8 a 06 12 13 24 25 34 35 46 56 67
8 8 06 12 13 25 34 45 56 67
8 8 06 13 23 34 35 46 56 67
8 9 06 13 14 23 24 35 45 56 67
8 7 06 14 23 34 45 56 67
8 d 01 12 13 14 15 26 27 36 37 46 47 56 57
8 b 01 02 16 17 23 24 36 37 45 56 57
8 d 01 02 03 16 17 24 25 34 35 46 47 56 57
8 a 01 02 03 16 17 25 34 45 56 57
8 9 01 03 12 26 27 34 45 56 57
8 a 06 07 12 23 34 35 46 47 56 57
8 9 06 07 12 23 24 35 45 56 57
8 9 06 07 12 13 24 34 45 56 57
8 8 06 07 13 23 34 45 56 57
8 a 01 12 13 27 34 35 36 47 57 67
8 a 01 12 13 14 15 27 36 46 56 67
8 9 01 12 13 14 27 37 45 56 67
8 9 01 12 14 23 37 45 46 57 67
8 9 01 12 14 15 23 37 46 56 67
8 7 01 12 13 34 45 46 67
8 9 01 12 13 34 35 46 47 56 57
8 8 01 12 13 34 35 47 56 67
8 8 01 12 13 14 35 45 56 57
8 a 01 12 13 14 35 36 45 46 57 67
8 8 01 12 13 14 36 45 56 67
8 9 01 02 17 23 34 35 47 56 67
8 b 01 02 17 23 24 35 36 45 46 57 67
8 9 01 02 17 23 24 36 45 56 67
8 a 01 02 03 17 24 34 45 46 57 67
8 b 01 02 03 17 24 25 34 35 46 56 67
8 9 01 02 03 17 25 34 45 56 67
8 7 01 02 23 34 45 56 57
8 8 01 02 23 34 45 46 57 67
8 8 01 02 23 34 35 46 56 67
8 8 01 02 23 24 35 45 56 67
8 8 01 02 03 24 34 45 56 67
8 8 07 12 23 34 45 46 57 67
8 8 07 12 23 34 35 46 56 67
8 8 07 12 23 24 35 45 56 67
8 8 07 12 13 24 34 45 56 67
8 7 07 13 23 34 45 56 67
8 6 12 23 34 45 56 67
8 7 04 14 24 34 45 56 67
8 7 04 14 23 34 45 56 57
8 8 04 14 23 34 45 46 57 67
8 a 04 05 14 15 23 34 35 46 56 67
8 8 04 12 13 24 34 45 46 67
8 c 04 05 12 13 24 25 34 35 46 47 56 57
8 b 04 05 12 13 24 25 34 35 47 56 67
8 7 04 13 23 34 45 46 67
8 a 04 05 13 23 34 35 46 47 56 57
8 9 04 05 13 23 34 35 47 56 67
8 7 01 14 23 34 45 46 67
8 a 01 14 15 23 34 35 46 47 56 57
8 9 01 14 15 23 34 35 47 56 67
8 9 01 02 03 14 24 34 45 46 47
8 f 01 02 03 14 15 16 24 25 26 34 35 36 47 57 67
8 b 01 02 03 14 15 24 25 34 35 56 67
8 7 03 13 23 34 45 46 47
8 9 03 13 23 34 35 36 47 57 67
8 7 03 13 23 34 35 56 67
8 7 04 12 23 34 45 46 47
8 b 04 05 06 12 23 34 35 36 47 57 67
8 8 04 05 12 23 34 35 56 67
8 9 01 02 14 15 23 34 35 56 57
8 b 01 02 14 15 16 23 34 35 36 57 67
8 9 01 02 14 16 23 34 36 45 67
8 a 02 03 12 13 24 25 34 35 56 57
8 c 02 03 12 13 24 25 26 34 35 36 57 67
8 a 02 03 12 13 24 26 34 36 45 67
8 7 03 12 23 34 35 56 57
8 8 03 12 23 34 35 36 57 67
8 7 03 12 23 34 36 45 67
8 a 01 12 13 24 25 26 34 35 36 67
8 8 01 02 13 23 34 35 36 67
8 7 02 12 23 34 35 36 67
8 7 01 12 23 34 35 36 37
8 a 01 02 03 04 15 25 35 45 56 67
8 b 03 04 13 14 23 24 35 36 45 46 67
8 d 03 04 05 13 14 15 23 24 25 36 46 56 67
8 b 03 04 13 14 23 24 36 37 45 56 57
8 8 05 12 13 25 34 45 56 67
8 a 03 04 13 14 23 24 37 45 56 67
8 9 05 13 14 23 24 35 45 56 67
8 7 05 14 23 34 45 56 67
8 7 01 15 23 34 45 56 67
8 9 01 02 03 15 25 34 45 56 57
8 c 01 02 03 15 16 25 26 34 45 46 57 67
8 8 05 12 23 24 35 45 56 57
8 b 05 06 12 23 24 35 36 45 46 57 67
8 8 05 12 13 24 34 45 56 57
8 a 05 06 12 13 24 34 45 46 57 67
8 7 05 13 23 34 45 56 57
8 9 05 06 13 23 34 45 46 57 67
8 b 01 02 15 16 23 24 35 36 45 46 67
8 a 01 02 03 15 16 24 34 45 46 67
8 9 01 03 12 25 26 34 45 46 67
8 b 03 04 12 23 24 35 36 37 45 46 47
8 d 02 03 04 12 13 14 25 26 35 36 45 46 67
8 d 03 04 05 12 23 24 25 36 37 46 47 56 57
8 a 03 04 12 23 24 37 45 46 57 67
8 b 03 04 05 12 23 24 25 37 46 56 67
8 9 03 05 12 23 25 34 47 56 67
8 8 03 04 12 23 24 45 56 67
8 8 05 06 12 23 34 45 46 67
8 d 01 12 13 14 25 26 27 35 36 37 45 46 47
8 a 01 02 15 16 17 23 34 45 46 47
8 b 02 03 12 13 25 26 27 34 45 46 47
8 c 01 02 13 14 15 23 24 25 37 47 56 67
8 9 01 02 13 14 23 24 45 56 57
8 a 01 02 13 14 23 24 45 46 57 67
8 b 01 02 13 14 15 23 24 25 46 56 67
8 9 02 12 23 24 25 37 47 56 67
8 7 02 12 23 24 45 56 57
8 8 02 12 23 24 45 46 57 67
8 8 02 12 23 24 25 46 56 67
8 a 01 12 23 24 25 26 37 47 57 67
8 7 01 12 23 24 45 46 67
8 9 01 12 23 24 25 46 47 56 57
8 8 01 12 23 24 25 47 56 67
8 7 01 12 23 25 34 56 67
8 b 02 03 04 12 13 14 26 36 45 56 67
8 c 02 03 12 13 26 27 34 35 46 47 56 57
8 c 02 03 04 12 13 14 26 27 35 45 56 57
8 a 02 04 12 14 23 36 37 45 56 57
8 a 02 03 12 13 27 34 45 46 57 67
8 a 02 03 12 13 27 34 35 46 56 67
8 b 02 03 04 12 13 14 27 35 45 56 67
8 8 02 03 12 13 34 45 56 67
8 a 01 12 13 14 15 26 36 46 56 67
8 9 01 02 16 23 24 36 45 56 67
8 b 01 02 03 16 24 25 34 35 46 56 67
8 9 01 02 03 16 25 34 45 56 67
8 8 01 03 12 26 34 45 56 67
8 8 06 12 23 34 35 46 56 67
8 8 06 12 23 24 35 45 56 67
8 8 06 12 13 24 34 45 56 67
8 7 06 13 23 34 45 56 67
8 b 01 12 13 14 26 27 36 37 45 56 57
8 b 01 02 16 17 23 34 35 46 47 56 57
8 a 01 02 16 17 23 24 35 45 56 57
8 a 01 02 03 16 17 24 34 45 56 57
8 8 06 07 12 23 34 45 56 57
8 9 01 12 13 27 34 35 47 56 67
8 b 01 12 13 14 27 35 36 45 46 57 67
8 9 01 12 13 14 27 36 45 56 67
8 8 01 12 14 23 37 45 56 67
8 7 01 12 13 34 45 56 57
8 8 01 12 13 34 45 46 57 67
8 8 01 12 13 34 35 46 56 67
8 8 01 12 13 14 35 45 56 67
8 9 01 02 17 23 34 45 46 57 67
8 9 01 02 17 23 34 35 46 56 67
8 9 01 02 17 23 24 35 45 56 67
8 9 01 02 03 17 24 34 45 56 67
8 7 01 02 23 34 45 56 67
8 7 07 12 23 34 45 56 67
8 7 04 14 23 34 45 56 67
8 8 04 12 13 24 34 45 56 57
8 9 04 12 13 24 34 45 46 57 67
8 b 04 05 12 13 24 25 34 35 46 56 67
8 7 04 13 23 34 45 56 57
8 8 04 13 23 34 45 46 57 67
8 9 04 05 13 23 34 35 46 56 67
8 7 01 14 23 34 45 56 57
8 8 01 14 23 34 45 46 57 67
8 9 01 14 15 23 34 35 46 56 67
8 9 01 02 03 14 24 34 45 46 67
8 d 01 02 03 14 15 24 25 34 35 46 47 56 57
8 c 01 02 03 14 15 24 25 34 35 47 56 67
8 7 03 13 23 34 45 46 67
8 9 03 13 23 34 35 46 47 56 57
8 8 03 13 23 34 35 47 56 67
8 7 04 12 23 34 45 46 67
8 a 04 05 12 23 34 35 46 47 56 57
8 9 04 05 12 23 34 35 47 56 67
8 8 01 02 14 23 34 45 46 47
8 c 01 02 14 15 16 23 34 35 36 47 57 67
8 9 01 02 14 15 23 34 35 56 67
8 9 02 03 12 13 24 34 45 46 47
8 d 02 03 12 13 24 25 26 34 35 36 47 57 67
8 a 02 03 12 13 24 25 34 35 56 67
8 7 03 12 23 34 45 46 47
8 9 03 12 23 34 35 36 47 57 67
8 7 03 12 23 34 35 56 67
8 9 01 12 13 24 25 34 35 56 57
8 b 01 12 13 24 25 26 34 35 36 57 67
8 9 01 12 13 24 26 34 36 45 67
8 8 01 02 13 23 34 35 56 57
8 9 01 02 13 23 34 35 36 57 67
8 8 01 02 13 23 34 36 45 67
8 7 02 12 23 34 35 56 57
8 8 02 12 23 34 35 36 57 67
8 7 02 12 23 34 36 45 67
8 7 01 12 23 34 35 36 67
8 a 03 04 13 14 23 24 35 45 56 57
8 c 03 04 13 14 23 24 35 36 45 46 57 67
8 a 03 04 13 14 23 24 36 45 56 67
8 9 01 02 03 15 25 34 45 56 67
8 8 05 12 23 24 35 45 56 67
8 8 05 12 13 24 34 45 56 67
8 7 05 13 23 34 45 56 67
8 9 01 02 15 23 24 35 45 56 57
8 c 01 02 15 16 23 24 35 36 45 46 57 67
8 9 01 02 03 15 24 34 45 56 57
8 b 01 02 03 15 16 24 34 45 46 57 67
8 8 01 03 12 25 34 45 56 57
8 a 01 03 12 25 26 34 45 46 57 67
8 b 02 03 04 12 13 14 25 35 45 56 57
8 e 02 03 04 12 13 14 25 26 35 36 45 46 57 67
8 a 03 04 12 23 24 35 36 45 46 67
8 b 03 04 05 12 23 24 25 36 46 56 67
8 a 03 04 12 23 24 36 37 45 56 57
8 9 03 04 12 23 24 37 45 56 67
8 7 05 12 23 34 45 56 57
8 9 05 06 12 23 34 45 46 57 67
8 b 01 12 13 14 25 26 35 36 45 46 67
8 9 01 02 15 16 23 34 45 46 67
8 a 02 03 12 13 25 26 34 45 46 67
8 a 01 12 13 25 26 27 34 45 46 47
8 c 01 02 13 14 23 24 35 36 37 45 46 47
8 a 02 12 23 24 35 36 37 45 46 47
8 e 01 02 13 14 15 23 24 25 36 37 46 47 56 57
8 b 01 02 13 14 23 24 37 45 46 57 67
8 c 01 02 13 14 15 23 24 25 37 46 56 67
8 a 01 02 13 15 23 25 34 47 56 67
8 9 01 02 13 14 23 24 45 56 67
8 b 02 12 23 24 25 36 37 46 47 56 57
8 9 02 12 23 24 37 45 46 57 67
8 9 02 12 23 24 25 37 46 56 67
8 8 02 12 23 25 34 47 56 67
8 7 02 12 23 24 45 56 67
8 9 01 12 23 24 25 37 47 56 67
8 7 01 12 23 24 45 56 57
8 8 01 12 23 24 45 46 57 67
8 8 01 12 23 24 25 46 56 67
8 a 02 03 12 13 26 34 35 46 56 67
8 b 02 03 04 12 13 14 26 35 45 56 67
8 9 02 04 12 14 23 36 45 56 67
8 a 02 03 12 13 26 27 34 45 56 57
8 9 02 03 12 13 27 34 45 56 67
8 9 01 12 13 14 26 36 45 56 67
8 9 01 02 16 23 34 35 46 56 67
8 9 01 02 16 23 24 35 45 56 67
8 9 01 02 03 16 24 34 45 56 67
8 7 06 12 23 34 45 56 67
8 b 01 12 13 26 27 34 35 46 47 56 57
8 a 01 12 13 14 26 27 35 45 56 57
8 9 01 12 14 23 36 37 45 56 57
8 9 01 02 16 17 23 34 45 56 57
8 9 01 12 13 27 34 45 46 57 67
8 9 01 12 13 27 34 35 46 56 67
8 9 01 12 13 14 27 35 45 56 67
8 7 01 12 13 34 45 56 67
8 8 01 02 17 23 34 45 56 67
8 8 04 12 13 24 34 45 56 67
8 7 04 13 23 34 45 56 67
8 7 01 14 23 34 45 56 67
8 9 01 02 03 14 24 34 45 56 57
8 a 01 02 03 14 24 34 45 46 57 67
8 c 01 02 03 14 15 24 25 34 35 46 56 67
8 7 03 13 23 34 45 56 57
8 8 03 13 23 34 45 46 57 67
8 8 03 13 23 34 35 46 56 67
8 7 04 12 23 34 45 56 57
8 8 04 12 23 34 45 46 57 67
8 9 04 05 12 23 34 35 46 56 67
8 8 01 02 14 23 34 45 46 67
8 b 01 02 14 15 23 34 35 46 47 56 57
8 a 01 02 14 15 23 34 35 47 56 67
8 9 02 03 12 13 24 34 45 46 67
8 c 02 03 12 13 24 25 34 35 46 47 56 57
8 b 02 03 12 13 24 25 34 35 47 56 67
8 7 03 12 23 34 45 46 67
8 9 03 12 23 34 35 46 47 56 57
8 8 03 12 23 34 35 47 56 67
8 8 01 12 13 24 34 45 46 47
8 c 01 12 13 24 25 26 34 35 36 47 57 67
8 9 01 12 13 24 25 34 35 56 67
8 8 01 02 13 23 34 45 46 47
8 a 01 02 13 23 34 35 36 47 57 67
8 8 01 02 13 23 34 35 56 67
8 7 02 12 23 34 45 46 47
8 9 02 12 23 34 35 36 47 57 67
8 7 02 12 23 34 35 56 67
8 7 01 12 23 34 35 56 57
8 8 01 12 23 34 35 36 57 67
8 7 01 12 23 34 36 45 67
8 a 03 04 13 14 23 24 35 45 56 67
8 9 01 02 15 23 24 35 45 56 67
8 9 01 02 03 15 24 34 45 56 67
8 8 01 03 12 25 34 45 56 67
8 b 02 03 04 12 13 14 25 35 45 56 67
8 7 05 12 23 34 45 56 67
8 9 03 04 12 23 24 35 45 56 57
8 9 01 12 13 14 25 35 45 56 57
8 b 03 04 12 23 24 35 36 45 46 57 67
8 c 01 12 13 14 25 26 35 36 45 46 57 67
8 9 03 04 12 23 24 36 45 56 67
8 8 01 02 15 23 34 45 56 57
8 a 01 02 15 16 23 34 45 46 57 67
8 9 02 03 12 13 25 34 45 56 57
8 b 02 03 12 13 25 26 34 45 46 57 67
8 9 01 12 13 25 26 34 45 46 67
8 b 01 02 13 14 23 24 35 36 45 46 67
8 9 02 12 23 24 35 36 45 46 67
8 a 01 12 23 24 35 36 37 45 46 47
8 c 01 02 13 14 15 23 24 25 36 46 56 67
8 b 01 02 13 14 23 24 36 37 45 56 57
8 a 01 02 13 14 23 24 37 45 56 67
8 9 02 12 23 24 25 36 46 56 67
8 9 02 12 23 24 36 37 45 56 57
8 8 02 12 23 24 37 45 56 67
8 b 01 12 23 24 25 36 37 46 47 56 57
8 9 01 12 23 24 37 45 46 57 67
8 9 01 12 23 24 25 37 46 56 67
8 8 01 12 23 25 34 47 56 67
8 7 01 12 23 24 45 56 67
8 9 02 03 12 13 26 34 45 56 67
8 9 01 12 13 26 34 35 46 56 67
8 9 01 12 13 14 26 35 45 56 67
8 8 01 12 14 23 36 45 56 67
8 8 01 02 16 23 34 45 56 67
8 9 01 12 13 26 27 34 45 56 57
8 8 01 12 13 27 34 45 56 67
8 9 01 02 03 14 24 34 45 56 67
8 7 03 13 23 34 45 56 67
8 7 04 12 23 34 45 56 67
8 8 01 02 14 23 34 45 56 57
8 9 01 02 14 23 34 45 46 57 67
8 a 01 02 14 15 23 34 35 46 56 67
8 9 02 03 12 13 24 34 45 56 57
8 a 02 03 12 13 24 34 45 46 57 67
8 b 02 03 12 13 24 25 34 35 46 56 67
8 7 03 12 23 34 45 56 57
8 8 03 12 23 34 45 46 57 67
8 8 03 12 23 34 35 46 56 67
8 8 01 12 13 24 34 45 46 67
8 b 01 12 13 24 25 34 35 46 47 56 57
8 a 01 12 13 24 25 34 35 47 56 67
8 8 01 02 13 23 34 45 46 67
8 a 01 02 13 23 34 35 46 47 56 57
8 9 01 02 13 23 34 35 47 56 67
8 7 02 12 23 34 45 46 67
8 9 02 12 23 34 35 46 47 56 57
8 8 02 12 23 34 35 47 56 67
8 7 01 12 23 34 45 46 47
8 9 01 12 23 34 35 36 47 57 67
8 7 01 12 23 34 35 56 67
8 9 01 12 13 14 25 35 45 56 67
8 9 03 04 12 23 24 35 45 56 67
8 8 01 02 15 23 34 45 56 67
8 9 02 03 12 13 25 34 45 56 67
8 8 01 12 13 25 34 45 56 57
8 a 01 12 13 25 26 34 45 46 57 67
8 a 01 02 13 14 23 24 35 45 56 57
8 c 01 02 13 14 23 24 35 36 45 46 57 67
8 8 02 12 23 24 35 45 56 57
8 a 02 12 23 24 35 36 45 46 57 67
8 9 01 12 23 24 35 36 45 46 67
8 a 01 02 13 14 23 24 36 45 56 67
8 8 02 12 23 24 36 45 56 67
8 9 01 12 23 24 25 36 46 56 67
8 9 01 12 23 24 36 37 45 56 57
8 8 01 12 23 24 37 45 56 67
8 8 01 12 13 26 34 45 56 67
8 8 01 02 14 23 34 45 56 67
8 9 02 03 12 13 24 34 45 56 67
8 7 03 12 23 34 45 56 67
8 8 01 12 13 24 34 45 56 57
8 9 01 12 13 24 34 45 46 57 67
8 a 01 12 13 24 25 34 35 46 56 67
8 8 01 02 13 23 34 45 56 57
8 9 01 02 13 23 34 45 46 57 67
8 9 01 02 13 23 34 35 46 56 67
8 7 02 12 23 34 45 56 57
8 8 02 12 23 34 45 46 57 67
8 8 02 12 23 34 35 46 56 67
8 7 01 12 23 34 45 46 67
8 9 01 12 23 34 35 46 47 56 57
8 8 01 12 23 34 35 47 56 67
8 8 01 12 13 25 34 45 56 67
8 a 01 02 13 14 23 24 35 45 56 67
8 8 02 12 23 24 35 45 56 67
8 8 01 12 23 24 35 45 56 57
8 a 01 12 23 24 35 36 45 46 57 67
8 8 01 12 23 24 36 45 56 67
8 8 01 12 13 24 34 45 56 67
8 8 01 02 13 23 34 45 56 67
8 7 02 12 23 34 45 56 67
8 7 01 12 23 34 45 56 57
8 8 01 12 23 34 45 46 57 67
8 8 01 12 23 34 35 46 56 67
8 8 01 12 23 24 35 45 56 67
8 7 01 12 23 34 45 56 67
