# all gp-iposets on 4 points
4 0
4 1 03
4 2 02 03
4 2 03 13
4 2 01 23
4 3 01 02 03
4 2 02 23
4 3 02 03 13
4 3 03 13 23
4 3 01 02 13
4 4 02 03 12 13
4 3 02 13 23
4 3 01 12 13
4 4 01 02 13 23
4 3 02 12 23
4 3 01 12 23
4 0 3
4 1 30 2
4 1 30 3
4 2 20 30 1
4 2 20 30 3
4 2 30 31 2
4 2 30 31 3
4 2 10 32 3
4 3 10 20 30 3
4 2 20 32 1
4 2 20 32 3
4 3 20 30 31 2
4 3 20 30 31 3
4 3 30 31 32 3
4 3 13 20 30 2
4 3 10 23 30 2
4 4 20 21 30 31 3
4 3 20 31 32 3
4 4 12 13 20 30 1
4 3 13 23 30 2
4 3 20 21 32 3
4 3 12 23 30 1
4 0 23
4 1 30 12
4 1 30 32
4 1 30 23
4 2 20 30 31
4 2 20 30 13
4 2 20 30 23
4 2 30 31 32
4 2 30 31 23
4 2 10 32 13
4 3 10 20 30 23
4 2 23 30 21
4 3 20 21 30 23
4 2 23 30 12
4 3 20 30 31 23
4 3 10 20 31 32
4 3 10 20 31 23
4 4 20 21 30 31 23
4 3 10 21 31 23
4 0 123
4 1 30 312
4 1 30 132
4 1 30 123
4 2 20 30 231
4 2 20 30 213
4 2 20 30 123
4 3 10 20 30 123
4 0 0123
4 0 - 3
4 1 03 - 2
4 1 03 - 3
4 2 02 03 - 1
4 2 02 03 - 3
4 2 03 13 - 2
4 2 03 13 - 3
4 2 01 23 - 3
4 3 01 02 03 - 3
4 2 02 23 - 1
4 2 02 23 - 3
4 3 02 03 13 - 2
4 3 02 03 13 - 3
4 3 03 13 23 - 3
4 3 02 03 31 - 2
4 3 01 03 32 - 2
4 4 02 03 12 13 - 3
4 3 02 13 23 - 3
4 4 02 03 21 31 - 1
4 3 03 31 32 - 2
4 3 02 12 23 - 3
4 3 03 21 32 - 1
4 0 3 3
4 0 3 2
4 1 03 2 2
4 1 03 2 1
4 1 03 2 3
4 1 03 0 2
4 1 03 0 3
4 2 02 03 1 1
4 2 02 03 1 3
4 2 12 13 1 0
4 2 12 13 1 3
4 2 03 13 2 2
4 2 03 13 2 3
4 2 03 23 2 1
4 2 03 23 2 3
4 2 01 23 2 3
4 2 01 32 3 1
4 3 01 02 03 0 3
4 2 02 23 1 1
4 2 02 23 1 3
4 3 02 03 13 1 2
4 3 02 03 13 1 3
4 2 12 23 1 0
4 2 12 23 1 3
4 3 03 12 13 1 2
4 3 03 12 13 1 3
4 3 03 13 23 2 3
4 3 02 03 31 0 2
4 3 01 03 32 0 2
4 4 02 03 12 13 1 3
4 3 02 13 23 1 3
4 3 03 12 23 1 3
4 4 02 03 21 31 0 1
4 3 03 31 32 0 2
4 3 02 12 23 1 3
4 3 03 21 32 0 1
4 0 23 3
4 0 23 2
4 0 23 1
4 1 30 12 2
4 1 30 32 2
4 1 30 31 2
4 1 30 23 2
4 1 30 13 2
4 1 30 12 1
4 1 30 12 0
4 1 30 32 0
4 1 30 23 0
4 2 20 30 31 1
4 2 20 30 13 1
4 2 20 30 23 1
4 2 21 31 30 1
4 2 21 31 03 1
4 2 21 31 23 1
4 2 30 31 32 2
4 2 30 31 23 2
4 2 30 32 31 2
4 2 30 32 13 2
4 2 10 32 13 2
4 2 10 32 13 0
4 3 10 20 30 23 0
4 2 23 30 21 1
4 3 20 21 30 23 1
4 2 23 30 12 1
4 3 20 30 31 23 1
4 2 23 31 20 1
4 3 20 21 31 23 1
4 2 23 31 02 1
4 3 21 30 31 23 1
4 3 10 20 31 32 0
4 3 10 20 31 23 0
4 4 20 21 30 31 23 1
4 3 10 21 31 23 0
4 0 123 3
4 0 123 2
4 0 123 1
4 0 023 1
4 1 30 312 2
4 1 30 132 2
4 1 30 123 2
4 1 30 312 1
4 1 30 132 1
4 1 30 123 1
4 1 30 312 0
4 1 30 132 0
4 1 30 123 0
4 2 20 30 231 1
4 2 20 30 213 1
4 2 20 30 123 1
4 2 21 31 230 1
4 2 21 31 203 1
4 2 21 31 023 1
4 3 10 20 30 123 0
4 0 0123 3
4 0 0123 2
4 0 0123 1
4 0 0123 0
4 0 - 23
4 1 03 - 12
4 1 03 - 32
4 1 03 - 23
4 2 02 03 - 31
4 2 02 03 - 13
4 2 02 03 - 23
4 2 03 13 - 32
4 2 03 13 - 23
4 2 01 23 - 13
4 3 01 02 03 - 23
4 2 03 32 - 21
4 3 02 03 12 - 23
4 2 03 32 - 12
4 3 02 03 13 - 23
4 3 01 02 13 - 32
4 3 01 02 13 - 23
4 4 02 03 12 13 - 23
4 3 01 12 13 - 23
4 0 3 23
4 0 2 23
4 0 1 23
4 1 03 2 12
4 1 03 2 32
4 1 03 2 31
4 1 03 2 23
4 1 03 2 13
4 1 03 1 12
4 1 03 0 12
4 1 03 0 32
4 1 03 0 23
4 2 02 03 1 31
4 2 02 03 1 13
4 2 02 03 1 23
4 2 12 13 1 30
4 2 12 13 1 03
4 2 12 13 1 23
4 2 03 13 2 32
4 2 03 13 2 23
4 2 03 23 2 31
4 2 03 23 2 13
4 2 01 23 2 13
4 2 01 23 0 13
4 3 01 02 03 0 23
4 2 03 32 1 21
4 3 02 03 12 1 23
4 2 03 32 1 12
4 3 02 03 13 1 23
4 2 13 32 1 20
4 3 02 12 13 1 23
4 2 13 32 1 02
4 3 03 12 13 1 23
4 3 01 02 13 0 32
4 3 01 02 13 0 23
4 4 02 03 12 13 1 23
4 3 01 12 13 0 23
4 0 23 23
4 0 23 13
4 0 23 12
4 0 12 23
4 0 13 12
4 0 23 01
4 1 03 12 12
4 1 03 12 32
4 1 03 12 31
4 1 03 12 23
4 1 03 12 13
4 1 13 12 02
4 1 13 12 32
4 1 13 12 30
4 1 13 12 23
4 1 13 12 03
4 1 23 12 01
4 1 23 12 31
4 1 23 12 30
4 1 23 12 13
4 1 23 12 03
4 1 03 01 12
4 1 23 02 01
4 2 02 03 01 31
4 2 02 03 01 13
4 2 02 03 01 23
4 2 12 13 01 30
4 2 12 13 01 03
4 2 12 13 01 23
4 2 03 13 12 32
4 2 03 13 12 23
4 2 03 23 12 31
4 2 03 23 12 13
4 2 13 23 12 30
4 2 13 23 12 03
4 2 01 23 02 13
4 2 03 32 01 21
4 3 02 03 12 01 23
4 2 03 32 01 12
4 3 02 03 13 01 23
4 2 13 32 01 20
4 3 02 12 13 01 23
4 2 13 32 01 02
4 3 03 12 13 01 23
4 4 02 03 12 13 01 23
4 0 123 23
4 0 123 13
4 0 123 12
4 0 013 23
4 0 012 23
4 0 023 12
4 0 012 13
4 0 123 01
4 0 023 01
4 1 30 312 12
4 1 30 132 12
4 1 30 123 12
4 1 31 302 12
4 1 31 032 12
4 1 31 023 12
4 1 32 301 12
4 1 32 031 12
4 1 32 013 12
4 1 30 312 01
4 1 30 132 01
4 1 30 123 01
4 1 32 301 02
4 1 32 031 02
4 1 32 013 02
4 2 20 30 231 01
4 2 20 30 213 01
4 2 20 30 123 01
4 2 21 31 230 01
4 2 21 31 203 01
4 2 21 31 023 01
4 0 0123 23
4 0 0123 13
4 0 0123 12
4 0 0123 03
4 0 0123 02
4 0 0123 01
4 0 - 123
4 1 03 - 312
4 1 03 - 132
4 1 03 - 123
4 2 02 03 - 231
4 2 02 03 - 213
4 2 02 03 - 123
4 3 01 02 03 - 123
4 0 3 123
4 0 2 123
4 0 1 123
4 0 1 023
4 1 03 2 312
4 1 03 2 132
4 1 03 2 123
4 1 03 1 312
4 1 03 1 132
4 1 03 1 123
4 1 03 0 312
4 1 03 0 132
4 1 03 0 123
4 2 02 03 1 231
4 2 02 03 1 213
4 2 02 03 1 123
4 2 12 13 1 230
4 2 12 13 1 203
4 2 12 13 1 023
4 3 01 02 03 0 123
4 0 23 123
4 0 13 123
4 0 12 123
4 0 23 013
4 0 23 012
4 0 12 023
4 0 13 012
4 0 01 123
4 0 01 023
4 1 03 12 312
4 1 03 12 132
4 1 03 12 123
4 1 13 12 302
4 1 13 12 032
4 1 13 12 023
4 1 23 12 301
4 1 23 12 031
4 1 23 12 013
4 1 03 01 312
4 1 03 01 132
4 1 03 01 123
4 1 23 02 301
4 1 23 02 031
4 1 23 02 013
4 2 02 03 01 231
4 2 02 03 01 213
4 2 02 03 01 123
4 2 12 13 01 230
4 2 12 13 01 203
4 2 12 13 01 023
4 0 123 123
4 0 123 023
4 0 123 013
4 0 123 012
4 0 013 123
4 0 012 123
4 0 023 013
4 0 023 012
4 0 012 023
4 0 013 012
4 1 03 012 312
4 1 03 012 132
4 1 03 012 123
4 1 13 012 302
4 1 13 012 032
4 1 13 012 023
4 1 23 012 301
4 1 23 012 031
4 1 23 012 013
4 0 0123 123
4 0 0123 023
4 0 0123 013
4 0 0123 012
4 0 - 0123
4 0 3 0123
4 0 2 0123
4 0 1 0123
4 0 0 0123
4 0 23 0123
4 0 13 0123
4 0 12 0123
4 0 03 0123
4 0 02 0123
4 0 01 0123
4 0 123 0123
4 0 023 0123
4 0 013 0123
4 0 012 0123
4 0 0123 0123
