4 0
4 1 23
4 2 02 13
4 2 12 13
4 2 12 23
4 2 13 23
4 3 01 02 03
4 3 01 02 23
4 3 01 12 13
4 3 01 12 23
4 3 02 03 12
4 3 02 12 23
4 3 03 12 23
4 3 03 13 23
4 4 01 02 13 23
4 4 02 03 12 13
4 0 0
4 1 32 0
4 1 32 3
4 2 20 31 2
4 2 21 31 0
4 2 21 31 2
4 2 21 32 0
4 2 21 32 3
4 2 31 32 0
4 2 31 32 3
4 3 10 20 30 1
4 3 10 20 32 1
4 3 10 20 32 3
4 3 10 21 31 2
4 3 10 21 32 3
4 3 20 21 30 2
4 3 20 21 30 3
4 3 20 21 32 3
4 3 21 30 32 3
4 3 30 31 32 3
4 4 10 20 31 32 3
4 4 20 21 30 31 2
4 0 01
4 1 32 01
4 1 32 03
4 1 32 30
4 2 20 31 23
4 2 21 31 02
4 2 21 31 20
4 2 21 31 23
4 2 21 32 03
4 2 21 32 30
4 2 31 32 03
4 2 31 32 30
4 3 10 20 30 12
4 3 10 20 32 13
4 3 10 20 32 31
4 3 10 21 31 23
4 3 20 21 30 23
4 3 20 21 30 32
4 4 20 21 30 31 23
4 0 012
4 1 32 013
4 1 32 031
4 1 32 301
4 2 21 31 023
4 2 21 31 203
4 2 21 31 230
4 3 10 20 30 123
4 0 0123
4 0 - 0
4 1 23 - 0
4 1 23 - 3
4 2 02 13 - 2
4 2 12 13 - 0
4 2 12 13 - 2
4 2 12 23 - 0
4 2 12 23 - 3
4 2 13 23 - 0
4 2 13 23 - 3
4 3 01 02 03 - 1
4 3 01 02 23 - 1
4 3 01 02 23 - 3
4 3 01 12 13 - 2
4 3 01 12 23 - 3
4 3 02 03 12 - 2
4 3 02 03 12 - 3
4 3 02 12 23 - 3
4 3 03 12 23 - 3
4 3 03 13 23 - 3
4 4 01 02 13 23 - 3
4 4 02 03 12 13 - 2
4 0 0 0
4 0 0 1
4 1 23 0 0
4 1 23 1 0
4 1 23 2 0
4 1 23 0 3
4 1 23 2 3
4 2 02 13 0 2
4 2 02 13 1 2
4 2 12 13 0 0
4 2 12 13 1 0
4 2 12 13 0 2
4 2 12 13 1 2
4 2 12 23 0 0
4 2 12 23 1 0
4 2 12 23 0 3
4 2 12 23 1 3
4 2 13 23 0 0
4 2 13 23 1 0
4 2 13 23 0 3
4 2 13 23 1 3
4 3 01 02 03 0 1
4 3 01 02 23 0 1
4 3 01 02 23 0 3
4 3 01 12 13 0 2
4 3 01 12 23 0 3
4 3 02 03 12 0 2
4 3 02 03 12 1 2
4 3 02 03 12 0 3
4 3 02 03 12 1 3
4 3 02 12 23 0 3
4 3 03 12 23 0 3
4 3 03 12 23 1 3
4 3 03 13 23 0 3
4 4 01 02 13 23 0 3
4 4 02 03 12 13 0 2
4 0 01 0
4 0 10 0
4 0 12 0
4 1 32 01 0
4 1 32 01 1
4 1 32 01 2
4 1 32 03 0
4 1 32 03 1
4 1 32 03 2
4 1 32 30 0
4 1 32 30 1
4 1 32 30 2
4 2 20 31 23 0
4 2 20 31 23 1
4 2 21 31 02 0
4 2 21 31 02 1
4 2 21 31 20 0
4 2 21 31 20 1
4 2 21 31 23 0
4 2 21 31 23 1
4 2 21 32 03 0
4 2 21 32 03 1
4 2 21 32 30 0
4 2 21 32 30 1
4 2 31 32 03 0
4 2 31 32 03 1
4 2 31 32 30 0
4 2 31 32 30 1
4 3 10 20 30 12 0
4 3 10 20 32 13 0
4 3 10 20 32 31 0
4 3 10 21 31 23 0
4 3 20 21 30 23 0
4 3 20 21 30 23 1
4 3 20 21 30 32 0
4 3 20 21 30 32 1
4 4 20 21 30 31 23 0
4 0 012 0
4 0 102 0
4 0 120 0
4 0 123 0
4 1 32 013 0
4 1 32 013 1
4 1 32 013 2
4 1 32 031 0
4 1 32 031 1
4 1 32 031 2
4 1 32 301 0
4 1 32 301 1
4 1 32 301 2
4 2 21 31 023 0
4 2 21 31 023 1
4 2 21 31 203 0
4 2 21 31 203 1
4 2 21 31 230 0
4 2 21 31 230 1
4 3 10 20 30 123 0
4 0 0123 0
4 0 1023 0
4 0 1203 0
4 0 1230 0
4 0 - 01
4 1 23 - 01
4 1 23 - 03
4 1 23 - 30
4 2 02 13 - 23
4 2 12 13 - 02
4 2 12 13 - 20
4 2 12 13 - 23
4 2 12 23 - 03
4 2 12 23 - 30
4 2 13 23 - 03
4 2 13 23 - 30
4 3 01 02 03 - 12
4 3 01 02 23 - 13
4 3 01 02 23 - 31
4 3 01 12 13 - 23
4 3 02 03 12 - 23
4 3 02 03 12 - 32
4 4 02 03 12 13 - 23
4 0 0 01
4 0 0 10
4 0 0 12
4 1 23 0 01
4 1 23 1 01
4 1 23 2 01
4 1 23 0 03
4 1 23 1 03
4 1 23 2 03
4 1 23 0 30
4 1 23 1 30
4 1 23 2 30
4 2 02 13 0 23
4 2 02 13 1 23
4 2 12 13 0 02
4 2 12 13 1 02
4 2 12 13 0 20
4 2 12 13 1 20
4 2 12 13 0 23
4 2 12 13 1 23
4 2 12 23 0 03
4 2 12 23 1 03
4 2 12 23 0 30
4 2 12 23 1 30
4 2 13 23 0 03
4 2 13 23 1 03
4 2 13 23 0 30
4 2 13 23 1 30
4 3 01 02 03 0 12
4 3 01 02 23 0 13
4 3 01 02 23 0 31
4 3 01 12 13 0 23
4 3 02 03 12 0 23
4 3 02 03 12 1 23
4 3 02 03 12 0 32
4 3 02 03 12 1 32
4 4 02 03 12 13 0 23
4 0 01 01
4 0 01 02
4 0 01 10
4 0 01 12
4 0 01 20
4 0 01 21
4 0 01 23
4 1 23 01 01
4 1 23 02 01
4 1 23 10 01
4 1 23 12 01
4 1 23 20 01
4 1 23 21 01
4 1 23 01 03
4 1 23 02 03
4 1 23 10 03
4 1 23 12 03
4 1 23 20 03
4 1 23 21 03
4 1 23 01 30
4 1 23 02 30
4 1 23 10 30
4 1 23 12 30
4 1 23 20 30
4 1 23 21 30
4 2 02 13 01 23
4 2 02 13 10 23
4 2 12 13 01 02
4 2 12 13 10 02
4 2 12 13 01 20
4 2 12 13 10 20
4 2 12 13 01 23
4 2 12 13 10 23
4 2 12 23 01 03
4 2 12 23 10 03
4 2 12 23 01 30
4 2 12 23 10 30
4 2 13 23 01 03
4 2 13 23 10 03
4 2 13 23 12 03
4 2 13 23 01 30
4 2 13 23 10 30
4 2 13 23 12 30
4 3 02 03 12 01 23
4 3 02 03 12 10 23
4 3 02 03 12 01 32
4 3 02 03 12 10 32
4 4 02 03 12 13 01 23
4 0 012 01
4 0 021 01
4 0 023 01
4 0 102 01
4 0 120 01
4 0 123 01
4 0 201 01
4 0 203 01
4 0 210 01
4 0 213 01
4 0 230 01
4 0 231 01
4 1 32 013 01
4 1 32 013 02
4 1 32 013 10
4 1 32 013 12
4 1 32 013 20
4 1 32 013 21
4 1 32 031 01
4 1 32 031 02
4 1 32 031 10
4 1 32 031 12
4 1 32 031 20
4 1 32 031 21
4 1 32 301 01
4 1 32 301 02
4 1 32 301 10
4 1 32 301 12
4 1 32 301 20
4 1 32 301 21
4 2 21 31 023 01
4 2 21 31 023 10
4 2 21 31 203 01
4 2 21 31 203 10
4 2 21 31 230 01
4 2 21 31 230 10
4 0 0123 01
4 0 0213 01
4 0 0231 01
4 0 1023 01
4 0 1203 01
4 0 1230 01
4 0 2013 01
4 0 2031 01
4 0 2103 01
4 0 2130 01
4 0 2301 01
4 0 2310 01
4 0 - 012
4 1 23 - 013
4 1 23 - 031
4 1 23 - 301
4 2 12 13 - 023
4 2 12 13 - 203
4 2 12 13 - 230
4 3 01 02 03 - 123
4 0 0 012
4 0 0 102
4 0 0 120
4 0 0 123
4 1 23 0 013
4 1 23 1 013
4 1 23 2 013
4 1 23 0 031
4 1 23 1 031
4 1 23 2 031
4 1 23 0 301
4 1 23 1 301
4 1 23 2 301
4 2 12 13 0 023
4 2 12 13 1 023
4 2 12 13 0 203
4 2 12 13 1 203
4 2 12 13 0 230
4 2 12 13 1 230
4 3 01 02 03 0 123
4 0 01 012
4 0 01 021
4 0 01 023
4 0 01 102
4 0 01 120
4 0 01 123
4 0 01 201
4 0 01 203
4 0 01 210
4 0 01 213
4 0 01 230
4 0 01 231
4 1 23 01 013
4 1 23 02 013
4 1 23 10 013
4 1 23 12 013
4 1 23 20 013
4 1 23 21 013
4 1 23 01 031
4 1 23 02 031
4 1 23 10 031
4 1 23 12 031
4 1 23 20 031
4 1 23 21 031
4 1 23 01 301
4 1 23 02 301
4 1 23 10 301
4 1 23 12 301
4 1 23 20 301
4 1 23 21 301
4 2 12 13 01 023
4 2 12 13 10 023
4 2 12 13 01 203
4 2 12 13 10 203
4 2 12 13 01 230
4 2 12 13 10 230
4 0 012 012
4 0 012 013
4 0 012 021
4 0 012 023
4 0 012 031
4 0 012 032
4 0 012 102
4 0 012 103
4 0 012 120
4 0 012 123
4 0 012 130
4 0 012 132
4 0 012 201
4 0 012 203
4 0 012 210
4 0 012 213
4 0 012 230
4 0 012 231
4 0 012 301
4 0 012 302
4 0 012 310
4 0 012 312
4 0 012 320
4 0 012 321
4 1 23 012 013
4 1 23 021 013
4 1 23 102 013
4 1 23 120 013
4 1 23 201 013
4 1 23 210 013
4 1 23 012 031
4 1 23 021 031
4 1 23 102 031
4 1 23 120 031
4 1 23 201 031
4 1 23 210 031
4 1 23 012 301
4 1 23 021 301
4 1 23 102 301
4 1 23 120 301
4 1 23 201 301
4 1 23 210 301
4 0 0123 012
4 0 0132 012
4 0 0213 012
4 0 0231 012
4 0 0312 012
4 0 0321 012
4 0 1023 012
4 0 1032 012
4 0 1203 012
4 0 1230 012
4 0 1302 012
4 0 1320 012
4 0 2013 012
4 0 2031 012
4 0 2103 012
4 0 2130 012
4 0 2301 012
4 0 2310 012
4 0 3012 012
4 0 3021 012
4 0 3102 012
4 0 3120 012
4 0 3201 012
4 0 3210 012
4 0 - 0123
4 0 0 0123
4 0 0 1023
4 0 0 1203
4 0 0 1230
4 0 01 0123
4 0 01 0213
4 0 01 0231
4 0 01 1023
4 0 01 1203
4 0 01 1230
4 0 01 2013
4 0 01 2031
4 0 01 2103
4 0 01 2130
4 0 01 2301
4 0 01 2310
4 0 012 0123
4 0 012 0132
4 0 012 0213
4 0 012 0231
4 0 012 0312
4 0 012 0321
4 0 012 1023
4 0 012 1032
4 0 012 1203
4 0 012 1230
4 0 012 1302
4 0 012 1320
4 0 012 2013
4 0 012 2031
4 0 012 2103
4 0 012 2130
4 0 012 2301
4 0 012 2310
4 0 012 3012
4 0 012 3021
4 0 012 3102
4 0 012 3120
4 0 012 3201
4 0 012 3210
4 0 0123 0123
4 0 0123 0132
4 0 0123 0213
4 0 0123 0231
4 0 0123 0312
4 0 0123 0321
4 0 0123 1023
4 0 0123 1032
4 0 0123 1203
4 0 0123 1230
4 0 0123 1302
4 0 0123 1320
4 0 0123 2013
4 0 0123 2031
4 0 0123 2103
4 0 0123 2130
4 0 0123 2301
4 0 0123 2310
4 0 0123 3012
4 0 0123 3021
4 0 0123 3102
4 0 0123 3120
4 0 0123 3201
4 0 0123 3210
